# transform file /out/sourcedata/freesurfer/sub-v1s9x0051361_ses-1/mri/transforms/cc_up.lta
# created by oesteban on Tue Mar 10 09:37:41 2026

type      = 0 # LINEAR_VOX_TO_VOX
nxforms   = 1
mean      = 125.0000 110.0000 111.0000
sigma     = 10000.0000
1 4 4
9.986397027969360e-01 2.967330068349838e-02 4.287483915686607e-02 -3.082642793655396e+00 
-2.964598871767521e-02 9.995596408843994e-01 -1.272798399440944e-03 4.485304260253906e+01 
-4.289372637867928e-02 1.164153218269348e-10 9.990796446800232e-01 2.642083358764648e+01 
0.000000000000000e+00 0.000000000000000e+00 0.000000000000000e+00 1.000000000000000e+00 
src volume info
valid = 1  # volume info valid
filename = /out/sourcedata/freesurfer/sub-v1s9x0051361_ses-1/mri/norm.mgz
volume = 256 256 256
voxelsize = 1.000000000000000e+00 1.000000000000000e+00 1.000000000000000e+00
xras   = -1.000000000000000e+00 0.000000000000000e+00 0.000000000000000e+00
yras   = 0.000000000000000e+00 0.000000000000000e+00 -1.000000000000000e+00
zras   = 0.000000000000000e+00 1.000000000000000e+00 0.000000000000000e+00
cras   = -1.255958557128906e+00 -3.600341796875000e+00 2.354237365722656e+01
dst volume info
valid = 1  # volume info valid
filename = /out/sourcedata/freesurfer/sub-v1s9x0051361_ses-1/mri/norm.mgz
volume = 256 256 256
voxelsize = 1.000000000000000e+00 1.000000000000000e+00 1.000000000000000e+00
xras   = -1.000000000000000e+00 0.000000000000000e+00 0.000000000000000e+00
yras   = 0.000000000000000e+00 0.000000000000000e+00 -1.000000000000000e+00
zras   = 0.000000000000000e+00 1.000000000000000e+00 0.000000000000000e+00
cras   = -1.255958557128906e+00 -3.600341796875000e+00 2.354237365722656e+01
