#Insight Transform File V1.0
#Transform 0
Transform: AffineTransform_float_3_3
Parameters: 0.999998 0.00113978 -0.00154664 -0.00114222 0.999999 -0.00143824 0.00154436 0.00143976 0.999998 -0.070273 -0.091258 0.119441
FixedParameters: 0 0 0

#Transform 1
Transform: AffineTransform_float_3_3
Parameters: 1 0.000977096 -0.00031871 -0.000976906 1 0.000297312 0.000318291 -0.000297689 1 -0.0328078 -0.0279093 0.245993
FixedParameters: 0 0 0

#Transform 2
Transform: AffineTransform_float_3_3
Parameters: 0.999999 0.000934439 -0.000428041 -0.00093456 0.999999 0.0010264 0.000428959 -0.0010256 1 -0.0405256 -0.0428623 0.226404
FixedParameters: 0 0 0

#Transform 3
Transform: AffineTransform_float_3_3
Parameters: 1 0.000514305 -0.000481674 -0.000513694 0.999999 0.000634247 0.000482325 -0.000633752 0.999999 -0.0259198 -0.0738501 0.211697
FixedParameters: 0 0 0

#Transform 4
Transform: AffineTransform_float_3_3
Parameters: 0.999999 0.000925346 -0.000281864 -0.000924652 0.999999 0.00122826 0.000283135 -0.00122774 0.999999 -0.0313132 0.00617996 0.17338
FixedParameters: 0 0 0

#Transform 5
Transform: AffineTransform_float_3_3
Parameters: 1 0.00084529 -0.00042843 -0.000844712 1 0.000674362 0.00042857 -0.000674638 0.999999 -0.0422321 0.00688523 0.16439
FixedParameters: 0 0 0

#Transform 6
Transform: AffineTransform_float_3_3
Parameters: 0.999999 0.000514956 -0.000842416 -0.000514045 0.999999 0.00113443 0.000842583 -0.00113457 0.999999 -0.0247814 -0.0152087 0.154162
FixedParameters: 0 0 0

#Transform 7
Transform: AffineTransform_float_3_3
Parameters: 0.999999 0.000778113 -0.000280685 -0.000777886 0.999999 0.000405218 0.000281315 -0.000404781 1 -0.0180294 -0.0709841 0.15233
FixedParameters: 0 0 0

#Transform 8
Transform: AffineTransform_float_3_3
Parameters: 0.999999 0.00101853 -0.0010765 -0.00101847 1 0.000492097 0.0010775 -0.000490903 1 -0.0371881 0.0290528 0.137211
FixedParameters: 0 0 0

#Transform 9
Transform: AffineTransform_float_3_3
Parameters: 1 0.000549414 -0.00084273 -0.000549586 0.999999 0.000491463 0.00084327 -0.000490537 0.999999 -0.0427274 0.0515448 0.153222
FixedParameters: 0 0 0

#Transform 10
Transform: AffineTransform_float_3_3
Parameters: 0.999999 -9.93418e-05 0.000985865 9.76579e-05 0.999999 0.0013611 -0.000986133 -0.0013609 0.999998 -0.000466346 0.0974147 0.0956245
FixedParameters: 0 0 0

#Transform 11
Transform: AffineTransform_float_3_3
Parameters: 1 -9.86517e-05 0.000680906 9.83482e-05 1 0.000957068 -0.000681094 -0.000956934 1 0.0238232 0.0575145 0.197636
FixedParameters: 0 0 0

#Transform 12
Transform: AffineTransform_float_3_3
Parameters: 1 0.000261923 6.92929e-05 -0.000262077 1 0.00111798 -6.87071e-05 -0.00111802 1 0.0106287 -0.0153632 0.158469
FixedParameters: 0 0 0

#Transform 13
Transform: AffineTransform_float_3_3
Parameters: 1 -9.80639e-05 0.00010494 9.7936e-05 1 0.00060901 -0.00010506 -0.000608989 1 0.0268384 0.0675195 0.0692356
FixedParameters: 0 0 0

#Transform 14
Transform: AffineTransform_float_3_3
Parameters: 1 0.00033206 -5.16135e-05 -0.000331939 1 0.00116402 5.23864e-05 -0.00116398 1 0.0188698 0.00549921 0.0597056
FixedParameters: 0 0 0

#Transform 15
Transform: AffineTransform_float_3_3
Parameters: 1 -0.000251041 3.97427e-05 0.000250959 1 0.00102501 -4.02573e-05 -0.00102499 1 0.0342599 0.0213267 0.0357638
FixedParameters: 0 0 0

#Transform 16
Transform: AffineTransform_float_3_3
Parameters: 1 -0.00015223 0.000179806 0.00015277 0.999999 0.00127603 -0.000180195 -0.00127597 0.999999 0.0308618 -0.0169853 0.0591695
FixedParameters: 0 0 0

#Transform 17
Transform: AffineTransform_float_3_3
Parameters: 1 0.000234936 -0.00062665 -0.000234063 0.999999 0.00149315 0.00062735 -0.00149285 0.999998 -0.0252524 0.0268799 0.0518979
FixedParameters: 0 0 0

#Transform 18
Transform: AffineTransform_float_3_3
Parameters: 1 0.000137999 1.10667e-06 -0.000138001 0.999999 0.000772999 -8.93325e-07 -0.000773 0.999999 0.0199948 0.0762113 -0.000924311
FixedParameters: 0 0 0

#Transform 19
Transform: AffineTransform_float_3_3
Parameters: 1 0.000120915 8.81162e-05 -0.000121084 0.999999 0.000960988 -8.78836e-05 -0.00096101 0.999999 0.0265535 0.0360699 0.021925
FixedParameters: 0 0 0

#Transform 20
Transform: AffineTransform_float_3_3
Parameters: 1 2.79983e-05 2.4002e-05 -2.80017e-05 1 7.09993e-05 -2.3998e-05 -7.10007e-05 1 0.0155078 0.0392539 -0.00692099
FixedParameters: 0 0 0

#Transform 21
Transform: AffineTransform_float_3_3
Parameters: 1 0.00031621 0.000456854 -0.00031579 1 -0.000460144 -0.000456145 0.000459856 1 -0.0153452 0.0537987 -0.0225132
FixedParameters: 0 0 0

#Transform 22
Transform: AffineTransform_float_3_3
Parameters: 1 -0.000156855 0.00118642 0.000160144 0.999997 -0.00265081 -0.00118558 0.00265119 0.999996 0.125119 0.0632062 0.121037
FixedParameters: 0 0 0

#Transform 23
Transform: AffineTransform_float_3_3
Parameters: 1 -0.000159693 4.80312e-05 0.000159306 0.999979 -0.00645099 -4.69733e-05 0.00645101 0.999979 0.052931 -0.124798 0.941101
FixedParameters: 0 0 0

#Transform 24
Transform: AffineTransform_float_3_3
Parameters: 0.999999 -0.00108946 0.0008662 0.00109254 0.999995 -0.00293306 -0.000862799 0.00293394 0.999996 0.0586726 0.0154002 0.433462
FixedParameters: 0 0 0

#Transform 25
Transform: AffineTransform_float_3_3
Parameters: 0.999999 -0.0011005 0.00080144 0.0011025 0.999994 -0.00312212 -0.000798561 0.00312288 0.999995 0.0592197 0.0291723 0.365146
FixedParameters: 0 0 0

#Transform 26
Transform: AffineTransform_float_3_3
Parameters: 0.999999 -0.000976055 0.000359576 0.000976946 0.999996 -0.00263765 -0.000357425 0.00263735 0.999997 0.0318383 0.00624015 0.369345
FixedParameters: 0 0 0

#Transform 27
Transform: AffineTransform_float_3_3
Parameters: 0.999997 -0.00200539 0.0018171 0.00200961 0.999995 -0.00253636 -0.0018129 0.00254064 0.999995 0.0642523 -0.0229242 0.522032
FixedParameters: 0 0 0

#Transform 28
Transform: AffineTransform_float_3_3
Parameters: 0.999998 -0.00160375 0.00161124 0.00160725 0.999995 -0.00263742 -0.00160776 0.00264059 0.999995 0.0641457 0.0255144 0.518977
FixedParameters: 0 0 0

#Transform 29
Transform: AffineTransform_float_3_3
Parameters: 0.999998 -0.00119271 0.00159622 0.00119729 0.999995 -0.00269009 -0.00159278 0.0026929 0.999995 0.0579299 -0.000159305 0.437488
FixedParameters: 0 0 0

#Transform 30
Transform: AffineTransform_float_3_3
Parameters: 0.999997 -0.000966371 0.00233367 0.000967629 1 -0.000696744 -0.00233332 0.000699257 0.999997 0.0920737 0.153462 0.255445
FixedParameters: 0 0 0

#Transform 31
Transform: AffineTransform_float_3_3
Parameters: 0.999995 -0.0011718 0.00294847 0.0011732 0.999999 -0.000404543 -0.00294852 0.000407457 0.999995 0.105225 0.0356232 0.0100664
FixedParameters: 0 0 0

#Transform 32
Transform: AffineTransform_float_3_3
Parameters: 0.999996 -0.00134525 0.00258435 0.00134375 0.999999 0.000486475 -0.00258465 -0.000483525 0.999997 0.108059 0.044967 -0.0503626
FixedParameters: 0 0 0

#Transform 33
Transform: AffineTransform_float_3_3
Parameters: 0.999991 -5.80175e-05 -0.00410167 9.39841e-05 0.999962 0.00877269 0.00410133 -0.00877332 0.999953 -0.275525 -0.00937669 -1.36902
FixedParameters: 0 0 0

#Transform 34
Transform: AffineTransform_float_3_3
Parameters: 0.999981 -0.000373847 -0.00612683 0.000432152 0.999955 0.00949253 0.00612318 -0.00949547 0.999936 -0.196488 -0.0167591 -1.23069
FixedParameters: 0 0 0

#Transform 35
Transform: AffineTransform_float_3_3
Parameters: 0.999993 -0.000268882 -0.00390629 0.000313119 0.999936 0.0112989 0.00390271 -0.0112991 0.999928 -0.140543 -0.023472 -1.08922
FixedParameters: 0 0 0

#Transform 36
Transform: AffineTransform_float_3_3
Parameters: 0.999991 0.000467122 -0.0043605 -0.000422869 0.999949 0.0101149 0.0043655 -0.0101121 0.99994 -0.144602 0.0279687 -1.14854
FixedParameters: 0 0 0

#Transform 37
Transform: AffineTransform_float_3_3
Parameters: 0.999993 -0.000438541 -0.0038592 0.000474458 0.999957 0.00919224 0.0038548 -0.00919376 0.999951 -0.105097 0.0386976 -1.25001
FixedParameters: 0 0 0

#Transform 38
Transform: AffineTransform_float_3_3
Parameters: 0.999996 -0.000745457 -0.00251496 0.000762542 0.999978 0.00658311 0.00251003 -0.0065849 0.999975 -0.105942 0.0615025 -1.28664
FixedParameters: 0 0 0

#Transform 39
Transform: AffineTransform_float_3_3
Parameters: 0.999996 -0.000319412 -0.00262971 0.000340591 0.999966 0.00821313 0.00262729 -0.00821387 0.999963 -0.145959 -0.0682894 -1.28043
FixedParameters: 0 0 0

#Transform 40
Transform: AffineTransform_float_3_3
Parameters: 0.999997 -0.000320971 -0.00262952 0.000341033 0.999971 0.00762013 0.00262748 -0.00762087 0.999967 -0.129323 -0.0445374 -1.27231
FixedParameters: 0 0 0

#Transform 41
Transform: AffineTransform_float_3_3
Parameters: 0.999997 -0.000319967 -0.00262964 0.000341037 0.999968 0.00800213 0.00262736 -0.00800286 0.999964 -0.136632 0.00673899 -1.2867
FixedParameters: 0 0 0

#Transform 42
Transform: AffineTransform_float_3_3
Parameters: 0.999999 -0.000335104 -0.00117869 0.000340893 0.999988 0.0050056 0.00117631 -0.0050064 0.999987 -0.128463 -0.0479947 -1.28638
FixedParameters: 0 0 0

#Transform 43
Transform: AffineTransform_float_3_3
Parameters: 0.999999 -0.000859551 -0.000356514 0.000861447 0.999992 0.00408469 0.000352484 -0.0040843 0.999991 -0.0971472 0.0239977 -1.24701
FixedParameters: 0 0 0

#Transform 44
Transform: AffineTransform_float_3_3
Parameters: 0.999999 -0.000784952 -0.00132082 0.000793049 0.999981 0.00610396 0.00131618 -0.00610504 0.999981 -0.110734 0.0034562 -1.34803
FixedParameters: 0 0 0

#Transform 45
Transform: AffineTransform_float_3_3
Parameters: 0.999999 -0.000899028 -0.00125901 0.000905972 0.999984 0.00554787 0.00125399 -0.00554913 0.999984 -0.126857 0.0282031 -1.42674
FixedParameters: 0 0 0

#Transform 46
Transform: AffineTransform_float_3_3
Parameters: 0.999999 -0.000215785 -0.00152019 0.000224214 0.999986 0.00540567 0.00151881 -0.00540634 0.999984 -0.137127 -0.00223533 -1.57105
FixedParameters: 0 0 0

#Transform 47
Transform: AffineTransform_float_3_3
Parameters: 0.999997 4.85708e-05 -0.00220079 -3.74279e-05 0.999988 0.00480309 0.0022012 -0.0048029 0.999986 -0.0954477 0.183435 -1.1605
FixedParameters: 0 0 0

#Transform 48
Transform: AffineTransform_float_3_3
Parameters: 0.999998 -0.000994758 -0.00184575 0.00100924 0.999969 0.00773115 0.00183825 -0.00773285 0.999969 -0.0491631 -0.0517186 -1.22846
FixedParameters: 0 0 0

#Transform 49
Transform: AffineTransform_float_3_3
Parameters: 0.999997 -0.00154902 -0.00146959 0.00155897 0.999975 0.00681272 0.00145841 -0.00681527 0.999975 -0.0138495 0.0507859 -1.33287
FixedParameters: 0 0 0

#Transform 50
Transform: AffineTransform_float_3_3
Parameters: 0.999999 -0.00114997 -0.000453763 0.00115303 0.999976 0.00674148 0.000446237 -0.00674152 0.999977 -0.0128111 0.0565378 -1.32785
FixedParameters: 0 0 0

#Transform 51
Transform: AffineTransform_float_3_3
Parameters: 0.999999 -0.00159535 -0.000700693 0.00159966 0.999977 0.00669189 0.000690312 -0.00669212 0.999978 -0.0173552 0.0381319 -1.4042
FixedParameters: 0 0 0

#Transform 52
Transform: AffineTransform_float_3_3
Parameters: 0.999999 -0.00134631 -0.000591483 0.0013497 0.99998 0.00629221 0.000583519 -0.00629279 0.99998 -0.0339444 0.045015 -1.41481
FixedParameters: 0 0 0

#Transform 53
Transform: AffineTransform_float_3_3
Parameters: 0.999997 -0.00188838 0.00108313 0.00188562 0.999994 0.00311405 -0.00108987 -0.00311195 0.999994 0.0153256 0.0133516 -1.09047
FixedParameters: 0 0 0

#Transform 54
Transform: AffineTransform_float_3_3
Parameters: 0.999997 -0.00137293 0.00173542 0.00138107 0.999988 -0.00465861 -0.00172858 0.00466138 0.999987 0.0505502 -0.0799622 -0.56129
FixedParameters: 0 0 0

#Transform 55
Transform: AffineTransform_float_3_3
Parameters: 0.999997 -0.00239697 0.000778079 0.00239703 0.999997 -3.2135e-05 -0.000777918 3.48648e-05 0.999999 0.0386996 0.0550489 -0.980104
FixedParameters: 0 0 0

#Transform 56
Transform: AffineTransform_float_3_3
Parameters: 0.999997 -0.00227887 0.000823376 0.00227914 0.999998 -0.000164124 -0.000823624 0.000165877 0.999999 0.0351738 0.00485465 -1.10467
FixedParameters: 0 0 0

#Transform 57
Transform: AffineTransform_float_3_3
Parameters: 0.999998 -0.0023231 0.000321256 0.0023229 0.999998 0.000320747 -0.000321745 -0.000320253 1 0.0307212 0.0748105 -1.20934
FixedParameters: 0 0 0

#Transform 58
Transform: AffineTransform_float_3_3
Parameters: 0.999996 -0.00280002 0.000525889 0.00279998 0.999996 4.04726e-05 -0.000526113 -3.9527e-05 1 0.050749 0.036195 -1.23653
FixedParameters: 0 0 0

#Transform 59
Transform: AffineTransform_float_3_3
Parameters: 0.999995 -0.00286201 0.000753766 0.00286299 0.999995 -0.00131485 -0.000750232 0.00131715 0.999999 0.0514208 0.0083717 -1.19026
FixedParameters: 0 0 0

#Transform 60
Transform: AffineTransform_float_3_3
Parameters: 0.999996 -0.00286289 0.000472659 0.00286311 0.999996 -0.000229648 -0.000472339 0.000231353 1 0.0436441 0.03544 -1.2397
FixedParameters: 0 0 0

#Transform 61
Transform: AffineTransform_float_3_3
Parameters: 0.999996 -0.00286386 0.000466758 0.00286314 0.999994 0.00183134 -0.000472241 -0.00182966 0.999998 0.046222 0.0498108 -1.1317
FixedParameters: 0 0 0

#Transform 62
Transform: AffineTransform_float_3_3
Parameters: 0.999997 -0.00235749 0.000625171 0.00235651 0.999997 0.000776475 -0.000626829 -0.000775524 0.999999 0.0383574 0.0523669 -0.862766
FixedParameters: 0 0 0

#Transform 63
Transform: AffineTransform_float_3_3
Parameters: 0.999996 -0.0021857 0.00133221 0.0021843 0.999997 0.00127891 -0.00133479 -0.00127609 0.999999 0.0465815 0.0805568 -0.726093
FixedParameters: 0 0 0

#Transform 64
Transform: AffineTransform_float_3_3
Parameters: 0.999996 -0.00275697 0.00089295 0.00275403 0.999994 0.00219647 -0.000899047 -0.00219353 0.999997 0.0603112 0.0766411 -0.91709
FixedParameters: 0 0 0

#Transform 65
Transform: AffineTransform_float_3_3
Parameters: 0.999995 -0.00307999 0.000561575 0.00307901 0.999993 0.00176274 -0.000566424 -0.00176026 0.999999 0.0744637 0.0569087 -1.01933
FixedParameters: 0 0 0

#Transform 66
Transform: AffineTransform_float_3_3
Parameters: 0.999996 -0.00300187 0.000634894 0.00300013 0.999995 0.00136891 -0.000639105 -0.00136709 0.999999 0.071996 0.0418524 -1.08275
FixedParameters: 0 0 0

#Transform 67
Transform: AffineTransform_float_3_3
Parameters: 0.999996 -0.00284907 0.000566658 0.00284893 0.999996 0.000120615 -0.000566339 -0.000118387 1 0.049377 0.0797031 -1.15569
FixedParameters: 0 0 0

#Transform 68
Transform: AffineTransform_float_3_3
Parameters: 0.999995 -0.00304653 0.000569548 0.00304748 0.999995 -0.000835269 -0.00056645 0.00083773 1 0.0588441 0.0780507 -1.27543
FixedParameters: 0 0 0

#Transform 69
Transform: AffineTransform_float_3_3
Parameters: 0.999997 -0.00259916 0.00057084 0.00259984 0.999995 -0.00147652 -0.000566159 0.00147848 0.999998 0.0233223 0.0989003 -1.32699
FixedParameters: 0 0 0

#Transform 70
Transform: AffineTransform_float_3_3
Parameters: 0.999997 -0.00235991 9.02747e-05 0.00236009 0.999997 -0.000963789 -8.8727e-05 0.000963211 0.999999 0.0196176 0.112949 -1.26793
FixedParameters: 0 0 0

#Transform 71
Transform: AffineTransform_float_3_3
Parameters: 0.999997 -0.0021226 0.00113288 0.0021214 0.999997 0.000527405 -0.00113312 -0.000524596 0.999999 0.0318819 0.142465 -1.09957
FixedParameters: 0 0 0

#Transform 72
Transform: AffineTransform_float_3_3
Parameters: 0.999997 -0.00235213 0.000664525 0.00235187 0.999997 0.000202563 -0.000665475 -0.000201435 1 0.0497194 0.0880508 -1.04217
FixedParameters: 0 0 0

#Transform 73
Transform: AffineTransform_float_3_3
Parameters: 0.999998 -0.00190206 8.67844e-05 0.00190294 0.999998 0.000639166 -8.82158e-05 -0.000638833 1 0.028701 0.120458 -0.978639
FixedParameters: 0 0 0

#Transform 74
Transform: AffineTransform_float_3_3
Parameters: 0.999998 -0.00173716 0.00104209 0.00173284 0.99999 0.00398281 -0.00104891 -0.00398118 0.999991 0.0254592 0.0349251 -0.634369
FixedParameters: 0 0 0

#Transform 75
Transform: AffineTransform_float_3_3
Parameters: 0.999996 -0.00272159 0.000520738 0.00271941 0.999991 0.00303743 -0.000528262 -0.00303657 0.999996 0.0367948 0.155576 -0.938918
FixedParameters: 0 0 0

#Transform 76
Transform: AffineTransform_float_3_3
Parameters: 0.999995 -0.00312603 -0.00119376 0.00313197 0.999982 0.00503328 0.00117825 -0.00503671 0.999986 0.0322617 0.0841435 -0.997141
FixedParameters: 0 0 0

#Transform 77
Transform: AffineTransform_float_3_3
Parameters: 0.999994 -0.00321263 -0.000787714 0.00321437 0.999991 0.00302149 0.000778289 -0.00302352 0.999995 0.0296525 0.134373 -1.10845
FixedParameters: 0 0 0

#Transform 78
Transform: AffineTransform_float_3_3
Parameters: 0.999995 -0.00312024 -0.000528519 0.00312277 0.99999 0.00336937 0.00051848 -0.00337064 0.999994 0.0249712 0.0668798 -1.14455
FixedParameters: 0 0 0

#Transform 79
Transform: AffineTransform_float_3_3
Parameters: 0.999995 -0.00315369 -0.000426767 0.00315431 0.99999 0.00309567 0.000417234 -0.00309733 0.999995 0.0248903 0.10027 -1.17782
FixedParameters: 0 0 0

#Transform 80
Transform: AffineTransform_float_3_3
Parameters: 0.999994 -0.00326549 -0.000127823 0.00326651 0.999985 0.0042326 0.000114176 -0.00423239 0.999991 0.0404942 0.0677029 -1.05055
FixedParameters: 0 0 0

#Transform 81
Transform: AffineTransform_float_3_3
Parameters: 0.999995 -0.00312056 0.000175273 0.00311944 0.999991 0.00311756 -0.000184727 -0.00311744 0.999995 0.0484816 0.102515 -0.996553
FixedParameters: 0 0 0

#Transform 82
Transform: AffineTransform_float_3_3
Parameters: 0.999996 -0.00288014 -0.000210124 0.00288086 0.999987 0.00420841 0.000197878 -0.00420859 0.999991 0.0402842 0.10465 -1.08579
FixedParameters: 0 0 0

#Transform 83
Transform: AffineTransform_float_3_3
Parameters: 0.999996 -0.00279272 -0.000585006 0.00279428 0.999989 0.00393838 0.000573995 -0.00394062 0.999992 0.0283526 0.0888006 -1.13055
FixedParameters: 0 0 0

#Transform 84
Transform: AffineTransform_float_3_3
Parameters: 0.999996 -0.0028388 0.000193614 0.0028372 0.999988 0.00401156 -0.000204384 -0.00401144 0.999992 0.0281545 0.0791702 -1.1254
FixedParameters: 0 0 0

#Transform 85
Transform: AffineTransform_float_3_3
Parameters: 0.999995 -0.00297698 -1.05418e-05 0.00297702 0.999988 0.00387699 -5.41961e-07 -0.00387702 0.999993 0.0375867 0.105122 -1.16058
FixedParameters: 0 0 0

#Transform 86
Transform: AffineTransform_float_3_3
Parameters: 0.999996 -0.00288145 0.000437575 0.00288056 0.999991 0.00327227 -0.000446425 -0.00327073 0.999994 0.0309776 0.121856 -1.23881
FixedParameters: 0 0 0

#Transform 87
Transform: AffineTransform_float_3_3
Parameters: 0.999995 -0.00292868 0.000473703 0.00292632 0.999989 0.0035174 -0.000483292 -0.0035156 0.999993 0.0348264 0.0866105 -1.17891
FixedParameters: 0 0 0

#Transform 88
Transform: AffineTransform_float_3_3
Parameters: 0.999996 -0.00272157 0.00047509 0.00271943 0.999991 0.0032753 -0.000483907 -0.00327369 0.999994 0.0362618 0.0946877 -1.19906
FixedParameters: 0 0 0

#Transform 89
Transform: AffineTransform_float_3_3
Parameters: 0.999996 -0.00272124 0.000361757 0.00271975 0.99999 0.003398 -0.000371243 -0.003397 0.999994 0.0436912 0.0911261 -1.20018
FixedParameters: 0 0 0

#Transform 90
Transform: AffineTransform_float_3_3
Parameters: 0.999995 -0.00292763 0.000474055 0.00292537 0.99999 0.0033984 -0.000483944 -0.0033976 0.999994 0.0355037 0.133159 -1.2018
FixedParameters: 0 0 0

#Transform 91
Transform: AffineTransform_float_3_3
Parameters: 0.999995 -0.00307125 -0.000455973 0.00307275 0.999987 0.00389662 0.000444027 -0.00389838 0.999993 0.0640295 0.105836 -1.1585
FixedParameters: 0 0 0

#Transform 92
Transform: AffineTransform_float_3_3
Parameters: 0.999995 -0.00296368 0.000213738 0.00296331 0.99999 0.00312565 -0.00022326 -0.00312435 0.999995 0.0542844 0.109397 -1.13886
FixedParameters: 0 0 0

#Transform 93
Transform: AffineTransform_float_3_3
Parameters: 0.999997 -0.00271932 -0.000203369 0.00271968 0.999991 0.00344446 0.000193631 -0.00344554 0.999994 0.0575554 0.0931666 -1.08111
FixedParameters: 0 0 0

#Transform 94
Transform: AffineTransform_float_3_3
Parameters: 0.999996 -0.00272125 0.000446457 0.00271975 0.999992 0.00277322 -0.000453542 -0.00277177 0.999996 0.0537061 0.0968557 -0.993386
FixedParameters: 0 0 0

#Transform 95
Transform: AffineTransform_float_3_3
Parameters: 0.999997 -0.00248644 0.000205783 0.00248556 0.999994 0.00209852 -0.000210214 -0.00209748 0.999998 0.0459522 0.121919 -1.01886
FixedParameters: 0 0 0

#Transform 96
Transform: AffineTransform_float_3_3
Parameters: 0.999997 -0.00271952 -0.000200597 0.00271948 0.999994 0.00242546 0.000194402 -0.00242654 0.999997 0.0573832 0.122621 -1.09607
FixedParameters: 0 0 0

#Transform 97
Transform: AffineTransform_float_3_3
Parameters: 0.999994 -0.00321625 0.00138346 0.00321374 0.999992 0.00234846 -0.00139154 -0.00234354 0.999997 0.0752731 0.0974944 -1.08536
FixedParameters: 0 0 0

#Transform 98
Transform: AffineTransform_float_3_3
Parameters: 0.999995 -0.00318605 0.000414992 0.00318495 0.999992 0.00251433 -0.000423009 -0.00251366 0.999997 0.0546432 0.111324 -1.09523
FixedParameters: 0 0 0

#Transform 99
Transform: AffineTransform_float_3_3
Parameters: 0.999995 -0.00312741 0.000716887 0.00312559 0.999993 0.00195625 -0.000723111 -0.00195375 0.999998 0.0554028 0.117135 -1.0804
FixedParameters: 0 0 0

#Transform 100
Transform: AffineTransform_float_3_3
Parameters: 0.999994 -0.00331863 0.000713478 0.00331737 0.999992 0.00226838 -0.000721525 -0.00226662 0.999997 0.0646045 0.121676 -1.06394
FixedParameters: 0 0 0

#Transform 101
Transform: AffineTransform_float_3_3
Parameters: 0.999995 -0.00316898 0.000574127 0.00316902 0.999995 -3.91808e-05 -0.00057387 4.18188e-05 1 0.0596117 0.127645 -1.16485
FixedParameters: 0 0 0

#Transform 102
Transform: AffineTransform_float_3_3
Parameters: 0.999994 -0.00342062 0.000797338 0.00341938 0.999994 0.000779731 -0.000799663 -0.00077727 1 0.0531337 0.12293 -1.13667
FixedParameters: 0 0 0

#Transform 103
Transform: AffineTransform_float_3_3
Parameters: 0.999995 -0.00304875 0.000875933 0.00304625 0.999994 0.00199168 -0.000882065 -0.00198932 0.999997 0.0473453 0.176352 -1.10674
FixedParameters: 0 0 0

#Transform 104
Transform: AffineTransform_float_3_3
Parameters: 0.999995 -0.0031881 2.72635e-05 0.0031879 0.999991 0.0030541 -3.77359e-05 -0.0030539 0.999996 0.0619248 0.0871986 -1.13924
FixedParameters: 0 0 0

#Transform 105
Transform: AffineTransform_float_3_3
Parameters: 0.999994 -0.00350213 4.69223e-05 0.00350186 0.99999 0.00259218 -5.60767e-05 -0.00259182 0.999996 0.058112 0.115202 -1.27324
FixedParameters: 0 0 0

#Transform 106
Transform: AffineTransform_float_3_3
Parameters: 0.999984 -0.00411091 0.00383569 0.00411909 0.99999 -0.00210224 -0.00382732 0.00211877 0.999991 0.167314 0.175441 -0.235621
FixedParameters: 0 0 0

#Transform 107
Transform: AffineTransform_float_3_3
Parameters: 0.999981 -0.00486112 0.0039388 0.00486488 0.999987 -0.000976857 -0.0039332 0.000996139 0.999992 0.223302 0.104341 0.165809
FixedParameters: 0 0 0

#Transform 108
Transform: AffineTransform_float_3_3
Parameters: 0.999983 -0.00478887 0.00352254 0.00479013 0.999988 -0.000313132 -0.00352046 0.000329865 0.999993 0.214628 0.140767 -0.104129
FixedParameters: 0 0 0

#Transform 109
Transform: AffineTransform_float_3_3
Parameters: 0.999982 -0.00509687 0.00323393 0.00510012 0.999986 -0.000958524 -0.00322907 0.000975476 0.999995 0.212737 0.171627 -0.27824
FixedParameters: 0 0 0

#Transform 110
Transform: AffineTransform_float_3_3
Parameters: 0.999985 -0.00452724 0.00314674 0.00453376 0.999988 -0.00214377 -0.00313625 0.00215823 0.999993 0.20462 0.163433 -0.388646
FixedParameters: 0 0 0

#Transform 111
Transform: AffineTransform_float_3_3
Parameters: 0.999986 -0.00424936 0.00335317 0.00425464 0.999989 -0.00167776 -0.00334584 0.00169224 0.999993 0.196175 0.115004 -0.430045
FixedParameters: 0 0 0

#Transform 112
Transform: AffineTransform_float_3_3
Parameters: 0.999982 -0.00450238 0.00414864 0.00451462 0.999986 -0.00279532 -0.00413535 0.00281367 0.999987 0.196084 0.148453 -0.54847
FixedParameters: 0 0 0

#Transform 113
Transform: AffineTransform_float_3_3
Parameters: 0.999982 -0.00426899 0.00427304 0.00428401 0.999984 -0.00350876 -0.00425895 0.00352724 0.999984 0.171654 0.165664 -0.65996
FixedParameters: 0 0 0

#Transform 114
Transform: AffineTransform_float_3_3
Parameters: 0.999985 -0.0040605 0.00371631 0.0040785 0.99998 -0.00498392 -0.00369669 0.00499909 0.99998 0.170589 0.251738 -0.591711
FixedParameters: 0 0 0

#Transform 115
Transform: AffineTransform_float_3_3
Parameters: 0.999983 -0.00447051 0.00355922 0.00448149 0.999985 -0.0029451 -0.00354578 0.0029609 0.99999 0.172424 -0.0615758 -0.564281
FixedParameters: 0 0 0

#Transform 116
Transform: AffineTransform_float_3_3
Parameters: 0.999984 -0.00448929 0.00357974 0.00450072 0.999985 -0.00327095 -0.00356526 0.00328706 0.999988 0.17082 0.124804 -0.621845
FixedParameters: 0 0 0

#Transform 117
Transform: AffineTransform_float_3_3
Parameters: 0.999983 -0.00444504 0.00363919 0.00445496 0.999987 -0.00273283 -0.0036268 0.00274917 0.999989 0.166446 0.168824 -0.728995
FixedParameters: 0 0 0

#Transform 118
Transform: AffineTransform_float_3_3
Parameters: 0.999983 -0.00459367 0.00375223 0.00460134 0.999987 -0.00221577 -0.00374177 0.00223323 0.99999 0.163074 0.0514687 -0.691308
FixedParameters: 0 0 0

#Transform 119
Transform: AffineTransform_float_3_3
Parameters: 0.999982 -0.00455372 0.00376197 0.00455628 0.999989 -0.000863874 -0.00375802 0.000881128 0.999992 0.157605 0.122459 -0.656888
FixedParameters: 0 0 0

#Transform 120
Transform: AffineTransform_float_3_3
Parameters: 0.999983 -0.00443853 0.00362924 0.00444246 0.999989 -0.000947892 -0.00362575 0.000964109 0.999993 0.146493 0.202744 -0.610264
FixedParameters: 0 0 0

#Transform 121
Transform: AffineTransform_float_3_3
Parameters: 0.999984 -0.00462345 0.00331977 0.00462455 0.99999 -0.00015765 -0.00331923 0.000173349 0.999995 0.152862 0.125524 -0.57099
FixedParameters: 0 0 0

#Transform 122
Transform: AffineTransform_float_3_3
Parameters: 0.999984 -0.00451863 0.00337016 0.00451737 0.99999 0.000194227 -0.00337084 -0.000178771 0.999995 0.151935 0.140256 -0.607188
FixedParameters: 0 0 0

#Transform 123
Transform: AffineTransform_float_3_3
Parameters: 0.999983 -0.00461528 0.00373318 0.00461372 0.999989 0.000619235 -0.00373582 -0.000601769 0.999993 0.158997 0.197972 -0.703962
FixedParameters: 0 0 0

#Transform 124
Transform: AffineTransform_float_3_3
Parameters: 0.999986 -0.00409351 0.00330155 0.00408149 0.999984 0.00378653 -0.00331645 -0.00377248 0.999988 0.156727 0.22326 -0.940142
FixedParameters: 0 0 0

#Transform 125
Transform: AffineTransform_float_3_3
Parameters: 0.999991 -0.00215803 0.00379585 0.00215597 0.999997 0.000538188 -0.00379715 -0.00052981 0.999992 0.143254 0.139958 -0.670704
FixedParameters: 0 0 0

#Transform 126
Transform: AffineTransform_float_3_3
Parameters: 0.999988 -0.0020782 0.00432483 0.0020818 0.999998 -0.000875007 -0.00432317 0.000883995 0.999991 0.119312 0.16319 -0.328374
FixedParameters: 0 0 0

#Transform 127
Transform: AffineTransform_float_3_3
Parameters: 0.999987 -0.00256033 0.0043754 0.00256067 0.999996 -0.000147798 -0.00437561 0.000159205 0.999991 0.152211 0.164565 -0.43905
FixedParameters: 0 0 0

#Transform 128
Transform: AffineTransform_float_3_3
Parameters: 0.999984 -0.00302979 0.00482099 0.00302521 0.999995 0.0010006 -0.004824 -0.0009854 0.999988 0.152558 0.178587 -0.411746
FixedParameters: 0 0 0

#Transform 129
Transform: AffineTransform_float_3_3
Parameters: 0.999989 -0.0040785 0.00261195 0.0040635 0.999975 0.00591269 -0.00263605 -0.00590232 0.999979 0.187742 0.170097 -0.446387
FixedParameters: 0 0 0

#Transform 130
Transform: AffineTransform_float_3_3
Parameters: 0.99999 -0.00307067 0.0031842 0.00305033 0.999975 0.00647578 -0.00320481 -0.00646622 0.999974 0.174145 0.196183 -0.538222
FixedParameters: 0 0 0

#Transform 131
Transform: AffineTransform_float_3_3
Parameters: 0.999992 -0.00295228 0.00288342 0.00293572 0.999978 0.00597751 -0.00290159 -0.00596948 0.999978 0.14757 0.197373 -0.584548
FixedParameters: 0 0 0

#Transform 132
Transform: AffineTransform_float_3_3
Parameters: 0.999992 -0.00304551 0.00230526 0.0030325 0.999979 0.00584004 -0.00232274 -0.00583297 0.999981 0.153157 0.19912 -0.565728
FixedParameters: 0 0 0

#Transform 133
Transform: AffineTransform_float_3_3
Parameters: 0.999992 -0.00302116 0.00262263 0.00300584 0.999979 0.00576693 -0.00263937 -0.00575907 0.99998 0.147162 0.202868 -0.598266
FixedParameters: 0 0 0

#Transform 134
Transform: AffineTransform_float_3_3
Parameters: 0.999993 -0.00315989 0.00234137 0.0031461 0.999977 0.00591341 -0.00236063 -0.00590558 0.99998 0.135745 0.217119 -0.625424
FixedParameters: 0 0 0

#Transform 135
Transform: AffineTransform_float_3_3
Parameters: 0.999991 -0.00342601 0.00249719 0.00341 0.999974 0.00638557 -0.00251881 -0.00637742 0.999976 0.142098 0.2111 -0.712823
FixedParameters: 0 0 0

#Transform 136
Transform: AffineTransform_float_3_3
Parameters: 0.99999 -0.00351441 0.00285133 0.00349958 0.999981 0.00504403 -0.00286967 -0.00503397 0.999983 0.143306 0.254371 -0.522981
FixedParameters: 0 0 0

#Transform 137
Transform: AffineTransform_float_3_3
Parameters: 0.999988 -0.00385065 0.00284863 0.00383435 0.999975 0.00582699 -0.00287137 -0.00581601 0.999979 0.156977 0.127675 -0.557908
FixedParameters: 0 0 0

#Transform 138
Transform: AffineTransform_float_3_3
Parameters: 0.99999 -0.00366721 0.00280133 0.0036498 0.999973 0.0064773 -0.00282469 -0.00646771 0.999975 0.149628 0.210408 -0.616847
FixedParameters: 0 0 0

#Transform 139
Transform: AffineTransform_float_3_3
Parameters: 0.999988 -0.00314639 0.00378479 0.00312761 0.999984 0.0048539 -0.00380021 -0.0048421 0.999981 0.260607 0.514871 -0.375898
FixedParameters: 0 0 0

#Transform 140
Transform: AffineTransform_float_3_3
Parameters: 0.999994 -0.000653599 -0.00340399 0.000689403 0.999945 0.0104097 0.00339701 -0.0104113 0.99994 0.0786586 0.280333 -0.658343
FixedParameters: 0 0 0

#Transform 141
Transform: AffineTransform_float_3_3
Parameters: 0.999997 -0.00242027 -0.000551443 0.00242673 0.999918 0.0125597 0.000520562 -0.0125603 0.999921 0.0946647 0.336469 -0.605822
FixedParameters: 0 0 0

#Transform 142
Transform: AffineTransform_float_3_3
Parameters: 0.999997 -0.00243364 0.000514528 0.00242635 0.999919 0.0125383 -0.000545463 -0.0125367 0.999922 0.122748 0.286756 -0.703194
FixedParameters: 0 0 0

#Transform 143
Transform: AffineTransform_float_3_3
Parameters: 0.999996 -0.00243562 0.000759902 0.00242638 0.999935 0.0111459 -0.000787091 -0.0111441 0.999937 0.105605 0.297406 -0.783881
FixedParameters: 0 0 0

#Transform 144
Transform: AffineTransform_float_3_3
Parameters: 0.999997 -0.00196803 -0.000831466 0.00197897 0.999908 0.0134094 0.000804534 -0.0134106 0.999909 0.080223 0.385779 -0.900255
FixedParameters: 0 0 0

#Transform 145
Transform: AffineTransform_float_3_3
Parameters: 0.999997 -0.00143857 0.00163325 0.00141643 0.999913 0.0131313 -0.00165174 -0.0131287 0.999913 0.134815 0.250579 -0.684317
FixedParameters: 0 0 0

#Transform 146
Transform: AffineTransform_float_3_3
Parameters: 0.999998 -0.00175331 0.000989783 0.00174069 0.99991 0.0132928 -0.00101323 -0.0132903 0.999911 0.144015 0.314802 -0.737622
FixedParameters: 0 0 0

#Transform 147
Transform: AffineTransform_float_3_3
Parameters: 0.999996 -0.0028142 0.000719531 0.00280379 0.999881 0.0151211 -0.000762481 -0.0151189 0.999886 0.148677 0.36259 -0.873234
FixedParameters: 0 0 0

#Transform 148
Transform: AffineTransform_float_3_3
Parameters: 0.999994 -0.00284209 0.00159749 0.0028239 0.999926 0.0118306 -0.00163152 -0.0118264 0.999928 0.148049 0.272124 -0.960282
FixedParameters: 0 0 0

#Transform 149
Transform: AffineTransform_float_3_3
Parameters: 0.999991 -0.0032718 0.00265298 0.0032532 0.99997 0.00706069 -0.00267602 -0.0070523 0.999971 0.177974 0.249119 -1.01318
FixedParameters: 0 0 0

#Transform 150
Transform: AffineTransform_float_3_3
Parameters: 0.999999 0.00086736 -0.000607228 -0.000864641 0.999985 0.00551253 0.000611774 -0.00551147 0.999984 0.0764436 0.313673 0.488999
FixedParameters: 0 0 0

#Transform 151
Transform: AffineTransform_float_3_3
Parameters: 0.999998 -0.000960126 0.00178171 0.000953871 0.999993 0.0034367 -0.00178529 -0.00343429 0.999992 0.194858 0.271426 0.263805
FixedParameters: 0 0 0

#Transform 152
Transform: AffineTransform_float_3_3
Parameters: 0.999998 -0.00113407 0.00149015 0.00112892 0.999993 0.00340069 -0.00149485 -0.00339831 0.999993 0.188646 0.260222 -0.0114213
FixedParameters: 0 0 0

#Transform 153
Transform: AffineTransform_float_3_3
Parameters: 0.999997 -0.00167363 0.00168239 0.00166937 0.999997 0.00215882 -0.00168561 -0.00215619 0.999997 0.206353 0.303061 -0.11039
FixedParameters: 0 0 0

#Transform 154
Transform: AffineTransform_float_3_3
Parameters: 0.999996 -0.00179095 0.00184019 0.00178604 0.999995 0.00269129 -0.00184481 -0.0026877 0.999994 0.19653 0.273464 -0.211944
FixedParameters: 0 0 0

#Transform 155
Transform: AffineTransform_float_3_3
Parameters: 0.999996 -0.00199547 0.00203064 0.00199053 0.999995 0.00269405 -0.00203537 -0.00268995 0.999995 0.198684 0.261862 -0.257354
FixedParameters: 0 0 0

#Transform 156
Transform: AffineTransform_float_3_3
Parameters: 0.999996 -0.00207477 0.00225279 0.00206823 0.999994 0.00300267 -0.00225921 -0.00299733 0.999993 0.2036 0.27296 -0.281199
FixedParameters: 0 0 0

#Transform 157
Transform: AffineTransform_float_3_3
Parameters: 0.999994 -0.00233376 0.00264529 0.00232523 0.999992 0.00331217 -0.00265371 -0.00330583 0.999991 0.200918 0.246976 -0.302426
FixedParameters: 0 0 0

#Transform 158
Transform: AffineTransform_float_3_3
Parameters: 0.999995 -0.0020563 0.00266137 0.0020497 0.999994 0.00274447 -0.00266663 -0.00273853 0.999992 0.201887 0.257202 -0.339738
FixedParameters: 0 0 0

#Transform 159
Transform: AffineTransform_float_3_3
Parameters: 0.999995 -0.00206679 0.00267755 0.00206122 0.999995 0.00216153 -0.00268146 -0.00215647 0.999994 0.201159 0.304222 -0.379007
FixedParameters: 0 0 0

#Transform 160
Transform: AffineTransform_float_3_3
Parameters: 0.999997 -0.00172263 0.00211324 0.00171837 0.999996 0.00218964 -0.00211677 -0.00218636 0.999996 0.188364 0.279559 -0.309634
FixedParameters: 0 0 0

#Transform 161
Transform: AffineTransform_float_3_3
Parameters: 0.999992 -0.00193554 0.00353452 0.00193046 0.999998 0.00128683 -0.00353748 -0.00128016 0.999993 0.161646 0.353256 -0.65575
FixedParameters: 0 0 0

#Transform 162
Transform: AffineTransform_float_3_3
Parameters: 0.999992 -0.00214101 0.00337628 0.002124 0.999985 0.00503221 -0.00338672 -0.00502579 0.999981 0.170037 0.209294 -0.570445
FixedParameters: 0 0 0

#Transform 163
Transform: AffineTransform_float_3_3
Parameters: 0.999991 -0.00230838 0.00339191 0.00229162 0.999985 0.00482581 -0.00340209 -0.00481818 0.999982 0.186927 0.306397 -0.651838
FixedParameters: 0 0 0

#Transform 164
Transform: AffineTransform_float_3_3
Parameters: 0.999989 -0.002142 0.00433115 0.002124 0.999989 0.00415625 -0.00433986 -0.00414775 0.999982 0.206127 0.282794 -0.647821
FixedParameters: 0 0 0

#Transform 165
Transform: AffineTransform_float_3_3
Parameters: 0.999991 -0.00223608 0.00375224 0.00222292 0.999991 0.00348537 -0.00376076 -0.00347762 0.999987 0.205532 0.288159 -0.703265
FixedParameters: 0 0 0

#Transform 166
Transform: AffineTransform_float_3_3
Parameters: 0.999998 -0.0010807 0.00201536 0.0010723 0.99999 0.00431217 -0.00201964 -0.00430983 0.999988 0.158035 0.315077 -0.735286
FixedParameters: 0 0 0

#Transform 167
Transform: AffineTransform_float_3_3
Parameters: 0.999998 0.000764141 0.00190098 -0.000748858 0.999968 -0.00795344 -0.00190701 0.00795156 0.999966 0.0282888 0.0523416 0.16923
FixedParameters: 0 0 0

#Transform 168
Transform: AffineTransform_float_3_3
Parameters: 0.999993 -0.00112952 0.00335733 0.00115448 0.999972 -0.00729617 -0.00334966 0.00730083 0.999967 0.137171 0.185018 0.059591
FixedParameters: 0 0 0

#Transform 169
Transform: AffineTransform_float_3_3
Parameters: 0.999996 -0.000718332 0.00274215 0.000733667 0.999984 -0.00571701 -0.00273785 0.00571899 0.99998 0.127876 0.200269 -0.18279
FixedParameters: 0 0 0

#Transform 170
Transform: AffineTransform_float_3_3
Parameters: 0.999996 -0.00132661 0.00274305 0.00133639 0.999992 -0.00378835 -0.00273796 0.00379165 0.999989 0.144923 0.240305 -0.0308155
FixedParameters: 0 0 0

#Transform 171
Transform: AffineTransform_float_3_3
Parameters: 0.999995 -0.00166476 0.00274241 0.00167124 0.999995 -0.00264143 -0.00273759 0.00264557 0.999993 0.153961 0.246702 -0.0815165
FixedParameters: 0 0 0

#Transform 172
Transform: AffineTransform_float_3_3
Parameters: 0.999994 -0.0021386 0.00274378 0.0021454 0.999994 -0.00269713 -0.00273722 0.00270287 0.999992 0.166853 0.223006 -0.139107
FixedParameters: 0 0 0

#Transform 173
Transform: AffineTransform_float_3_3
Parameters: 0.999993 -0.00194144 0.00316028 0.00194956 0.999995 -0.00270786 -0.00315573 0.00271315 0.999992 0.159605 0.235717 -0.0872307
FixedParameters: 0 0 0

#Transform 174
Transform: AffineTransform_float_3_3
Parameters: 0.999993 -0.00213696 0.00327491 0.00214604 0.999994 -0.00275799 -0.00326909 0.00276501 0.999991 0.180636 0.263013 -0.0884302
FixedParameters: 0 0 0

#Transform 175
Transform: AffineTransform_float_3_3
Parameters: 0.999993 -0.00213748 0.00311586 0.00214552 0.999994 -0.00273234 -0.00311014 0.00273867 0.999992 0.180036 0.262903 -0.106529
FixedParameters: 0 0 0

#Transform 176
Transform: AffineTransform_float_3_3
Parameters: 0.999994 -0.00186552 0.00308736 0.00187548 0.999993 -0.00339624 -0.00308065 0.00340177 0.99999 0.179539 0.271541 -0.160181
FixedParameters: 0 0 0

#Transform 177
Transform: AffineTransform_float_3_3
Parameters: 0.999994 -0.00169188 0.00324573 0.00169813 0.999996 -0.0021935 -0.00324228 0.0021985 0.999993 0.177703 0.205318 -0.0941196
FixedParameters: 0 0 0

#Transform 178
Transform: AffineTransform_float_3_3
Parameters: 0.999994 -0.00131722 0.00315826 0.00132578 0.999996 -0.00246283 -0.00315574 0.00246617 0.999992 0.174366 0.287485 -0.128716
FixedParameters: 0 0 0

#Transform 179
Transform: AffineTransform_float_3_3
Parameters: 0.999993 -0.00172338 0.00329059 0.00173362 0.999994 -0.00322732 -0.00328442 0.00323368 0.99999 0.184952 0.26301 -0.176426
FixedParameters: 0 0 0

#Transform 180
Transform: AffineTransform_float_3_3
Parameters: 0.999996 0.000661889 0.00277116 -0.00067411 0.999988 0.00473315 -0.00276784 -0.00473485 0.999985 0.0180576 0.301072 -0.0623193
FixedParameters: 0 0 0

#Transform 181
Transform: AffineTransform_float_3_3
Parameters: 0.999998 0.000183588 0.00158447 -0.000179413 0.999996 -0.00289529 -0.00158452 0.00289471 0.999994 0.116589 0.23503 -0.195414
FixedParameters: 0 0 0

#Transform 182
Transform: AffineTransform_float_3_3
Parameters: 0.999993 -0.00100575 0.00356451 0.00100425 1 0.000492583 -0.00356549 -0.000488417 0.999993 0.152699 0.323147 -0.2921
FixedParameters: 0 0 0

#Transform 183
Transform: AffineTransform_float_3_3
Parameters: 0.999995 -0.00067407 0.00305721 0.000674929 0.999999 -0.000302938 -0.0030578 0.000305063 0.999996 0.145839 0.258732 -0.207113
FixedParameters: 0 0 0

#Transform 184
Transform: AffineTransform_float_3_3
Parameters: 0.999994 -0.00100351 0.00311516 0.00100449 0.999999 -0.000155872 -0.00311484 0.000159127 0.999995 0.160698 0.268942 -0.265385
FixedParameters: 0 0 0

#Transform 185
Transform: AffineTransform_float_3_3
Parameters: 0.999995 -0.00100524 0.00318361 0.00100376 1 0.000391198 -0.00318439 -0.000388801 0.999995 0.148501 0.258988 -0.247139
FixedParameters: 0 0 0

#Transform 186
Transform: AffineTransform_float_3_3
Parameters: 0.999994 -0.001005 0.0033607 0.001004 1 0.000300376 -0.0033613 -0.000296624 0.999995 0.159751 0.271832 -0.22289
FixedParameters: 0 0 0

#Transform 187
Transform: AffineTransform_float_3_3
Parameters: 0.999992 -0.00147134 0.00370047 0.00146966 0.999999 0.000363441 -0.00370153 -0.000358557 0.999993 0.157942 0.290063 -0.220804
FixedParameters: 0 0 0

#Transform 188
Transform: AffineTransform_float_3_3
Parameters: 0.999991 -0.00148788 0.00379726 0.00148612 0.999999 0.000498647 -0.00379874 -0.000493352 0.999992 0.157654 0.280548 -0.226397
FixedParameters: 0 0 0

#Transform 189
Transform: AffineTransform_float_3_3
