#Insight Transform File V1.0
#Transform 0
Transform: AffineTransform_float_3_3
Parameters: 0.999997 0.00128043 0.00199909 -0.00127957 0.999999 -0.00071556 -0.00199991 0.000713441 0.999997 -0.0537753 -0.00617106 -0.00365129
FixedParameters: 0 0 0

#Transform 1
Transform: AffineTransform_float_3_3
Parameters: 0.999997 0.00128149 0.0019984 -0.00127951 0.999999 -0.00124856 -0.0019996 0.00124544 0.999997 -0.0566022 0.0327886 -0.00699794
FixedParameters: 0 0 0

#Transform 2
Transform: AffineTransform_float_3_3
Parameters: 0.999998 0.000728983 0.00157601 -0.000729016 0.999999 9.85107e-06 -0.00157599 -1.11489e-05 0.999999 -0.0435099 0.0835029 0.0141869
FixedParameters: 0 0 0

#Transform 3
Transform: AffineTransform_float_3_3
Parameters: 1 0.000260947 0.00115347 -0.000263055 0.999999 0.0017807 -0.00115353 -0.0017803 0.999997 -0.0279008 -0.00488733 0.0963448
FixedParameters: 0 0 0

#Transform 4
Transform: AffineTransform_float_3_3
Parameters: 1 2.44997e-05 0.00108609 -2.85e-05 0.999995 0.00322297 -0.00108591 -0.00322303 0.999994 -0.00456332 0.101703 0.199039
FixedParameters: 0 0 0

#Transform 5
Transform: AffineTransform_float_3_3
Parameters: 1 -9.54725e-05 0.000674793 9.3529e-05 0.999997 0.00218206 -0.000674206 -0.00218194 0.999998 -0.0167268 0.177382 -0.101233
FixedParameters: 0 0 0

#Transform 6
Transform: AffineTransform_float_3_3
Parameters: 1 0.000491876 3.66992e-05 -0.000492121 0.999994 0.00345398 -3.43004e-05 -0.00345402 0.999994 -0.0351096 -0.0270364 0.153991
FixedParameters: 0 0 0

#Transform 7
Transform: AffineTransform_float_3_3
Parameters: 0.999999 0.000134873 -0.000933032 -0.000128127 0.999973 0.00736213 0.000933969 -0.00736288 0.999973 -0.0774979 0.0713061 0.674776
FixedParameters: 0 0 0

#Transform 8
Transform: AffineTransform_float_3_3
Parameters: 0.999997 8.79497e-06 -0.00236306 1.97942e-05 0.999931 0.011762 0.00236293 -0.011762 0.999928 -0.0718161 0.131902 0.944743
FixedParameters: 0 0 0

#Transform 9
Transform: AffineTransform_float_3_3
Parameters: 0.999999 -3.73333e-05 -0.000868312 4.3672e-05 0.999971 0.00767897 0.00086869 -0.00767904 0.99997 -0.030209 0.181703 0.45266
FixedParameters: 0 0 0

#Transform 10
Transform: AffineTransform_float_3_3
Parameters: 1 0.000388868 0.000263676 -0.000390133 0.99999 0.00430489 -0.000262323 -0.0043051 0.99999 -0.0377179 0.0868439 0.0474895
FixedParameters: 0 0 0

#Transform 11
Transform: AffineTransform_float_3_3
Parameters: 0.999999 0.000125863 0.00087231 -0.000128136 0.999997 0.00244989 -0.000871688 -0.00245011 0.999996 -0.0073414 0.0831725 -0.028723
FixedParameters: 0 0 0

#Transform 12
Transform: AffineTransform_float_3_3
Parameters: 1 0.000125182 0.0012013 -0.000127817 0.999997 0.00234585 -0.0012007 -0.00234615 0.999996 0.0218303 0.0560978 -0.0341988
FixedParameters: 0 0 0

#Transform 13
Transform: AffineTransform_float_3_3
Parameters: 0.999999 0.000126341 0.00144015 -0.000127659 1 0.00115182 -0.00143985 -0.00115218 0.999999 0.0132707 0.0516692 -0.100238
FixedParameters: 0 0 0

#Transform 14
Transform: AffineTransform_float_3_3
Parameters: 0.999998 0.000126762 0.00170309 -0.000128238 0.999999 0.000726783 -0.00170291 -0.000727217 0.999999 0.0327313 -0.0211128 -0.131147
FixedParameters: 0 0 0

#Transform 15
Transform: AffineTransform_float_3_3
Parameters: 0.999999 8.32753e-05 0.00185303 -8.37244e-05 1 0.000390846 -0.00185297 -0.000391155 0.999998 0.0423863 0.0824419 -0.160473
FixedParameters: 0 0 0

#Transform 16
Transform: AffineTransform_float_3_3
Parameters: 0.999997 2.00609e-05 0.002176 -1.9939e-05 1 -2.80434e-05 -0.002176 2.79564e-05 0.999997 0.0103761 0.0398795 -0.0243799
FixedParameters: 0 0 0

#Transform 17
Transform: AffineTransform_float_3_3
Parameters: 0.999999 2.03787e-05 0.00156499 -1.96212e-05 1 -0.000242031 -0.001565 0.000241968 0.999998 0.0218001 -0.0378332 0.0787604
FixedParameters: 0 0 0

#Transform 18
Transform: AffineTransform_float_3_3
Parameters: 0.999998 2.14755e-05 0.00208698 -1.95244e-05 0.999999 -0.000707042 -0.00208701 0.000706956 0.999997 0.0168309 0.0964949 0.0240869
FixedParameters: 0 0 0

#Transform 19
Transform: AffineTransform_float_3_3
Parameters: 1 1.99949e-05 -0.000116001 -2.00051e-05 1 -4.39977e-05 0.000115999 4.40023e-05 1 -0.0132455 0.0593986 0.0442801
FixedParameters: 0 0 0

#Transform 20
Transform: AffineTransform_float_3_3
Parameters: 1 2.01725e-05 -0.000576994 -1.98275e-05 1 0.000299011 0.000577006 -0.000298988 1 -0.0149152 0.0114221 0.0297067
FixedParameters: 0 0 0

#Transform 21
Transform: AffineTransform_float_3_3
Parameters: 1 2.01447e-05 0.000422993 -1.98553e-05 1 -0.000342008 -0.000423007 0.000341991 1 0.00257791 0.0651501 0.0344018
FixedParameters: 0 0 0

#Transform 22
Transform: AffineTransform_float_3_3
Parameters: 0.999998 0.000214387 0.00222104 -0.000192612 0.999953 -0.00962545 -0.00222296 0.00962455 0.999951 0.0447426 -0.0733781 -0.330822
FixedParameters: 0 0 0

#Transform 23
Transform: AffineTransform_float_3_3
Parameters: 0.999998 0.00147701 0.00117352 -0.001467 0.999963 -0.00848274 -0.00118549 0.00848027 0.999964 0.00720804 -0.164547 -0.302392
FixedParameters: 0 0 0

#Transform 24
Transform: AffineTransform_float_3_3
Parameters: 0.999996 0.00104426 0.00258768 -0.00103574 0.999995 -0.00318969 -0.00259131 0.00318731 0.999991 -0.0592164 0.119746 -0.20377
FixedParameters: 0 0 0

#Transform 25
Transform: AffineTransform_float_3_3
Parameters: 0.999996 0.00150117 0.00258975 -0.00149983 0.999998 -0.000837888 -0.00259126 0.000834114 0.999997 -0.0797916 -0.0117723 0.0207238
FixedParameters: 0 0 0

#Transform 26
Transform: AffineTransform_float_3_3
Parameters: 0.999997 0.00195249 0.00187045 -0.00195051 0.999998 -0.000798651 -0.00187155 0.000794348 0.999998 -0.0663167 0.0477879 -0.0324924
FixedParameters: 0 0 0

#Transform 27
Transform: AffineTransform_float_3_3
Parameters: 0.999997 0.00209474 0.00138988 -0.00209425 0.999997 -0.000537912 -0.00139112 0.000535087 0.999999 -0.0789851 0.060773 -0.0485631
FixedParameters: 0 0 0

#Transform 28
Transform: AffineTransform_float_3_3
Parameters: 0.999997 0.00118879 0.00237411 -0.00119121 0.999999 0.000931175 -0.00237289 -0.000933824 0.999996 -0.0339538 0.055399 0.0130911
FixedParameters: 0 0 0

#Transform 29
Transform: AffineTransform_float_3_3
Parameters: 0.999997 0.000723877 0.00236626 -0.000728123 0.999998 0.00174228 -0.00236473 -0.00174372 0.999995 -0.0397201 0.054781 -0.0276115
FixedParameters: 0 0 0

#Transform 30
Transform: AffineTransform_float_3_3
Parameters: 0.999994 0.000580057 0.00341381 -0.000572944 0.999997 -0.00206797 -0.00341419 0.00206603 0.999992 -0.050444 0.0413509 -0.413535
FixedParameters: 0 0 0

#Transform 31
Transform: AffineTransform_float_3_3
Parameters: 0.999993 0.000636719 0.00375303 -0.000624279 0.999995 -0.00312337 -0.00375497 0.00312063 0.999988 -0.0268019 -0.0199409 -0.503707
FixedParameters: 0 0 0

#Transform 32
Transform: AffineTransform_float_3_3
Parameters: 0.999992 0.000941774 0.00375231 -0.000931226 0.999996 -0.00287152 -0.00375569 0.00286849 0.999989 -0.0370287 0.060135 -0.461383
FixedParameters: 0 0 0

#Transform 33
Transform: AffineTransform_float_3_3
Parameters: 0.999992 0.000789361 0.00375408 -0.000784635 0.999999 -0.00116395 -0.00375491 0.00116004 0.999993 -0.03885 0.0174556 -0.362689
FixedParameters: 0 0 0

#Transform 34
Transform: AffineTransform_float_3_3
Parameters: 0.999995 0.000286554 0.0033697 -0.000282446 1 -0.00105496 -0.0033703 0.00105404 0.999994 -0.0116228 -0.0480378 -0.293827
FixedParameters: 0 0 0

#Transform 35
Transform: AffineTransform_float_3_3
Parameters: 0.999999 0.000399019 0.00117265 -0.00039798 0.999999 -0.000869467 -0.00117335 0.000868532 0.999999 0.00636285 0.057942 -0.129358
FixedParameters: 0 0 0

#Transform 36
Transform: AffineTransform_float_3_3
Parameters: 0.999999 0.00105512 0.000769097 -0.00105288 0.999995 -0.00275481 -0.000771903 0.00275419 0.999996 -0.022988 0.040779 -0.219309
FixedParameters: 0 0 0

#Transform 37
Transform: AffineTransform_float_3_3
Parameters: 0.999998 0.00072256 0.00176054 -0.00071844 0.999997 -0.00202227 -0.00176146 0.00202073 0.999997 -0.00145004 0.0684457 -0.380399
FixedParameters: 0 0 0

#Transform 38
Transform: AffineTransform_float_3_3
Parameters: 0.999993 -0.000284003 0.00368585 0.000281997 1 0.000544043 -0.00368615 -0.000542957 0.999993 0.091535 0.157072 -0.236875
FixedParameters: 0 0 0

#Transform 39
Transform: AffineTransform_float_3_3
Parameters: 0.999997 0.00137728 0.00212817 -0.00137672 0.999999 -0.000603931 -0.00212883 0.00060107 0.999997 -0.0349753 -0.055968 -0.143764
FixedParameters: 0 0 0

#Transform 40
Transform: AffineTransform_float_3_3
Parameters: 0.999996 0.00140023 0.00246077 -0.00139077 0.999992 -0.00374944 -0.00246623 0.00374656 0.99999 -0.0316894 0.0602242 -0.369194
FixedParameters: 0 0 0

#Transform 41
Transform: AffineTransform_float_3_3
Parameters: 0.999995 0.0016677 0.00263389 -0.00165831 0.999992 -0.00367838 -0.00264011 0.00367461 0.99999 -0.0579576 -0.0069 -0.485704
FixedParameters: 0 0 0

#Transform 42
Transform: AffineTransform_float_3_3
Parameters: 0.999996 0.00179434 0.00225143 -0.00178066 0.999981 -0.00591503 -0.00226157 0.00591097 0.99998 -0.0477666 -0.0323335 -0.571298
FixedParameters: 0 0 0

#Transform 43
Transform: AffineTransform_float_3_3
Parameters: 0.999995 0.0016058 0.00263544 -0.00158519 0.999967 -0.00787722 -0.00264857 0.00787279 0.999966 -0.0212109 -0.057854 -0.695837
FixedParameters: 0 0 0

#Transform 44
Transform: AffineTransform_float_3_3
Parameters: 0.999995 0.00268468 0.00188952 -0.00266832 0.999958 -0.00877509 -0.00191348 0.00876991 0.999959 -0.111213 -0.0373521 -0.637913
FixedParameters: 0 0 0

#Transform 45
Transform: AffineTransform_float_3_3
Parameters: 0.999997 0.00241338 0.00118103 -0.00240162 0.999951 -0.00954186 -0.00120397 0.00953912 0.999954 -0.0698948 -0.0478359 -0.74241
FixedParameters: 0 0 0

#Transform 46
Transform: AffineTransform_float_3_3
Parameters: 0.999997 0.00197727 0.00138748 -0.00196673 0.999971 -0.00736575 -0.00140152 0.00736225 0.999972 -0.0507881 -0.0574242 -0.620887
FixedParameters: 0 0 0

#Transform 47
Transform: AffineTransform_float_3_3
Parameters: 0.999997 0.00203727 0.00170747 -0.00202473 0.999973 -0.00715548 -0.00172253 0.00715252 0.999973 -0.0735439 0.0186802 -0.608892
FixedParameters: 0 0 0

#Transform 48
Transform: AffineTransform_float_3_3
Parameters: 0.999995 0.00232886 0.00202617 -0.00231514 0.999974 -0.00681772 -0.00204183 0.00681328 0.999974 -0.0497265 -0.0688326 -0.600364
FixedParameters: 0 0 0

#Transform 49
Transform: AffineTransform_float_3_3
Parameters: 0.999994 0.00198878 0.00277954 -0.00196722 0.999967 -0.00781651 -0.00279546 0.00781048 0.999965 -0.0462088 -0.0706848 -0.66411
FixedParameters: 0 0 0

#Transform 50
Transform: AffineTransform_float_3_3
Parameters: 0.999994 0.00131184 0.00314981 -0.00129217 0.99998 -0.00629111 -0.00315719 0.0062869 0.999976 -0.0190952 -0.0057144 -0.569187
FixedParameters: 0 0 0

#Transform 51
Transform: AffineTransform_float_3_3
Parameters: 0.999995 0.00155593 0.00295504 -0.00153307 0.999969 -0.00774557 -0.00296696 0.00774042 0.999965 -0.0192356 -0.0317384 -0.716318
FixedParameters: 0 0 0

#Transform 52
Transform: AffineTransform_float_3_3
Parameters: 0.999994 0.00199497 0.00306699 -0.00196703 0.999956 -0.00909609 -0.00308501 0.0090899 0.999954 -0.0310736 -0.092044 -0.822952
FixedParameters: 0 0 0

#Transform 53
Transform: AffineTransform_float_3_3
Parameters: 0.999997 0.00198479 0.00181574 -0.0019672 0.99995 -0.0097496 -0.00183526 0.00974539 0.999951 -0.0518233 -0.0561859 -0.814511
FixedParameters: 0 0 0

#Transform 54
Transform: AffineTransform_float_3_3
Parameters: 0.999994 0.00198959 0.00288454 -0.00196741 0.999967 -0.00781572 -0.00289946 0.00780928 0.999966 -0.0371187 -0.0419261 -0.722097
FixedParameters: 0 0 0

#Transform 55
Transform: AffineTransform_float_3_3
Parameters: 0.999995 0.00193487 0.00249496 -0.00191413 0.999964 -0.00833882 -0.00251104 0.00833319 0.999962 -0.0417504 -0.0650444 -0.726945
FixedParameters: 0 0 0

#Transform 56
Transform: AffineTransform_float_3_3
Parameters: 0.999994 0.00232451 0.00253968 -0.00230149 0.999955 -0.0092199 -0.00256132 0.0092141 0.999955 -0.0487236 -0.0535069 -0.816747
FixedParameters: 0 0 0

#Transform 57
Transform: AffineTransform_float_3_3
Parameters: 0.999995 0.00218183 0.00234597 -0.00215917 0.99995 -0.00969112 -0.00236703 0.00968589 0.999951 -0.0474491 -0.0686588 -0.881953
FixedParameters: 0 0 0

#Transform 58
Transform: AffineTransform_float_3_3
Parameters: 0.999995 0.0026062 0.00186749 -0.00258679 0.999944 -0.0102109 -0.00189451 0.0102061 0.999946 -0.0630301 -0.0780459 -0.927017
FixedParameters: 0 0 0

#Transform 59
Transform: AffineTransform_float_3_3
Parameters: 0.999996 0.00230626 0.00127034 -0.00229674 0.999971 -0.00723994 -0.00128766 0.00723706 0.999973 -0.0634791 -0.00315328 -0.628413
FixedParameters: 0 0 0

#Transform 60
Transform: AffineTransform_float_3_3
Parameters: 0.999995 0.00293209 0.00117834 -0.0029199 0.999945 -0.0101375 -0.00120866 0.0101335 0.999948 -0.0397698 0.0100484 -1.06202
FixedParameters: 0 0 0

#Transform 61
Transform: AffineTransform_float_3_3
Parameters: 0.999993 0.00344491 0.00106286 -0.0034381 0.999974 -0.0064357 -0.00108414 0.00643131 0.999978 -0.0642693 -0.0635717 -0.835987
FixedParameters: 0 0 0

#Transform 62
Transform: AffineTransform_float_3_3
Parameters: 0.999995 0.00299093 -2.19014e-05 -0.00299107 0.999945 -0.00999698 -7.90221e-06 0.00999702 0.99995 -0.0611796 -0.0710973 -1.27595
FixedParameters: 0 0 0

#Transform 63
Transform: AffineTransform_float_3_3
Parameters: 0.999996 0.0028638 -3.45571e-05 -0.00286419 0.999886 -0.014859 -8.56009e-06 0.014859 0.999889 -0.0909764 -0.103876 -1.90916
FixedParameters: 0 0 0

#Transform 64
Transform: AffineTransform_float_3_3
Parameters: 0.999996 0.00274871 9.55243e-05 -0.00274729 0.999887 -0.0147293 -0.000136479 0.0147287 0.999892 -0.0586426 -0.182775 -1.67348
FixedParameters: 0 0 0

#Transform 65
Transform: AffineTransform_float_3_3
Parameters: 0.999996 0.00263889 -0.000248367 -0.0026431 0.999829 -0.0183124 0.000199632 0.0183126 0.999833 -0.0812471 -0.104862 -2.31342
FixedParameters: 0 0 0

#Transform 66
Transform: AffineTransform_float_3_3
Parameters: 0.999996 0.00303169 -0.000230315 -0.00303632 0.999756 -0.0218554 0.000164676 0.0218566 0.999761 -0.113644 -0.223137 -2.78036
FixedParameters: 0 0 0

#Transform 67
Transform: AffineTransform_float_3_3
Parameters: 0.999995 0.0031546 -0.000268593 -0.00315941 0.999724 -0.0233053 0.000195422 0.0233058 0.999729 -0.127371 -0.319794 -2.90933
FixedParameters: 0 0 0

#Transform 68
Transform: AffineTransform_float_3_3
Parameters: 0.999997 0.00231956 -0.000568422 -0.00233146 0.999733 -0.0229657 0.000515593 0.0229663 0.999736 -0.148548 -0.262179 -2.52392
FixedParameters: 0 0 0

#Transform 69
Transform: AffineTransform_float_3_3
Parameters: 0.99999 0.00326593 -0.00325856 -0.00319207 0.999743 0.0224386 0.00333145 -0.0224284 0.999743 -0.365034 -0.0598552 1.95037
FixedParameters: 0 0 0

#Transform 70
Transform: AffineTransform_float_3_3
Parameters: 0.999995 0.00207682 -0.00231645 -0.00203319 0.999822 0.0187608 0.00235455 -0.0187552 0.999822 -0.197782 0.39943 1.51489
FixedParameters: 0 0 0

#Transform 71
Transform: AffineTransform_float_3_3
Parameters: 0.99999 0.00299064 -0.00339622 -0.00293936 0.999881 0.0151091 0.00344079 -0.0150989 0.99988 -0.198065 0.204582 1.43973
FixedParameters: 0 0 0

#Transform 72
Transform: AffineTransform_float_3_3
Parameters: 0.999992 0.00200758 -0.00341921 -0.00197042 0.999938 0.0109588 0.00344079 -0.0109522 0.999934 -0.113379 0.163605 1.16561
FixedParameters: 0 0 0

#Transform 73
Transform: AffineTransform_float_3_3
Parameters: 0.999997 0.0019793 -0.00171432 -0.0019697 0.999984 0.0054104 0.00172468 -0.00540761 0.999984 -0.0471427 0.232567 0.522205
FixedParameters: 0 0 0

#Transform 74
Transform: AffineTransform_float_3_3
Parameters: 0.999999 0.0010223 -0.000697288 -0.0010177 0.999971 0.00756372 0.000704718 -0.00756329 0.999971 -0.0906428 0.093111 0.724578
FixedParameters: 0 0 0

#Transform 75
Transform: AffineTransform_float_3_3
Parameters: 0.999998 0.00179934 0.00077454 -0.00180066 0.999998 0.000854607 -0.000773462 -0.000855394 1 -0.0359228 0.202822 -0.16776
FixedParameters: 0 0 0

#Transform 76
Transform: AffineTransform_float_3_3
Parameters: 0.999998 0.00188 0.00130857 -0.001879 0.999998 -0.000761461 -0.00131043 0.000759538 0.999999 -0.0813328 0.112236 -0.332124
FixedParameters: 0 0 0

#Transform 77
Transform: AffineTransform_float_3_3
Parameters: 0.999997 0.00198167 0.000904349 -0.00198033 0.999997 -0.0018438 -0.000907651 0.00184221 0.999998 -0.0822691 0.058036 -0.370693
FixedParameters: 0 0 0

#Transform 78
Transform: AffineTransform_float_3_3
Parameters: 0.999997 0.00208898 0.000534194 -0.00208802 0.999996 -0.00182312 -0.000537806 0.00182188 0.999998 -0.0963768 0.0169796 -0.354081
FixedParameters: 0 0 0

#Transform 79
Transform: AffineTransform_float_3_3
Parameters: 0.999994 0.00203996 0.00254885 -0.00203104 0.999992 -0.00351419 -0.00255615 0.0035088 0.99999 -0.0618717 0.021861 -0.466832
FixedParameters: 0 0 0

#Transform 80
Transform: AffineTransform_float_3_3
Parameters: 0.999998 0.0018518 0.00130504 -0.0018492 0.999996 -0.00214142 -0.00130896 0.00213858 0.999997 -0.0837358 0.0161154 -0.315521
FixedParameters: 0 0 0

#Transform 81
Transform: AffineTransform_float_3_3
Parameters: 0.999997 0.00200342 0.00072184 -0.00200258 0.999998 -0.000579447 -0.00072316 0.000578552 0.999999 -0.135346 0.056892 -0.38247
FixedParameters: 0 0 0

#Transform 82
Transform: AffineTransform_float_3_3
Parameters: 0.999994 0.0024798 0.00212276 -0.0024712 0.999989 -0.00413927 -0.00213324 0.00413373 0.999989 -0.140564 0.0687608 -0.699177
FixedParameters: 0 0 0

#Transform 83
Transform: AffineTransform_float_3_3
Parameters: 0.999995 0.00256619 0.00187182 -0.00255781 0.999987 -0.00436681 -0.00188318 0.00436219 0.999988 -0.134351 -0.00504325 -0.637419
FixedParameters: 0 0 0

#Transform 84
Transform: AffineTransform_float_3_3
Parameters: 0.999994 0.00257198 0.00208991 -0.00255802 0.999974 -0.00666538 -0.00210709 0.00666061 0.999975 -0.133346 0.0270593 -0.918933
FixedParameters: 0 0 0

#Transform 85
Transform: AffineTransform_float_3_3
Parameters: 0.999995 0.00265241 0.00140375 -0.00263458 0.999912 -0.0129578 -0.00143825 0.0129542 0.999915 -0.158839 -0.108323 -1.73244
FixedParameters: 0 0 0

#Transform 86
Transform: AffineTransform_float_3_3
Parameters: 0.999993 0.00252654 0.00295653 -0.00250046 0.999957 -0.00894546 -0.00297948 0.00893754 0.999955 -0.156775 -0.116209 -0.892021
FixedParameters: 0 0 0

#Transform 87
Transform: AffineTransform_float_3_3
Parameters: 0.999992 0.00243403 0.003126 -0.00239497 0.99992 -0.0124296 -0.003156 0.0124214 0.999918 -0.152061 -0.0528098 -1.41487
FixedParameters: 0 0 0

#Transform 88
Transform: AffineTransform_float_3_3
Parameters: 0.99999 0.00313437 0.0029825 -0.00310763 0.999954 -0.00913636 -0.0030115 0.00912765 0.999954 -0.161266 -0.0837786 -1.10865
FixedParameters: 0 0 0

#Transform 89
Transform: AffineTransform_float_3_3
Parameters: 0.999995 0.00195695 0.00251816 -0.00195205 0.999996 -0.00196793 -0.00252184 0.00196307 0.999995 -0.151793 -0.0433266 -0.683004
FixedParameters: 0 0 0

#Transform 90
Transform: AffineTransform_float_3_3
Parameters: 0.999993 0.00194858 0.0033989 -0.00192242 0.999967 -0.00780459 -0.0034141 0.0077984 0.999964 -0.164108 0.0506475 -1.25214
FixedParameters: 0 0 0

#Transform 91
Transform: AffineTransform_float_3_3
Parameters: 0.999996 0.00158771 0.00200758 -0.00157729 0.999984 -0.00532318 -0.00201642 0.00532081 0.999984 -0.128326 -0.0589776 -0.831439
FixedParameters: 0 0 0

#Transform 92
Transform: AffineTransform_float_3_3
Parameters: 0.999996 0.00254108 0.00122538 -0.00253292 0.999976 -0.00655413 -0.00124162 0.00655087 0.999978 -0.128656 0.084437 -0.859886
FixedParameters: 0 0 0

#Transform 93
Transform: AffineTransform_float_3_3
Parameters: 0.999992 0.00268738 0.00269794 -0.00266262 0.999956 -0.00899825 -0.00272206 0.00899175 0.999956 -0.163992 0.0259368 -1.46104
FixedParameters: 0 0 0

#Transform 94
Transform: AffineTransform_float_3_3
Parameters: 0.999992 0.0025841 0.00307823 -0.0025639 0.999976 -0.00651795 -0.00309476 0.00650906 0.999974 -0.0939451 0.02725 -1.2779
FixedParameters: 0 0 0

#Transform 95
Transform: AffineTransform_float_3_3
Parameters: 0.999988 0.00358257 0.0033531 -0.00356143 0.999973 -0.00641602 -0.0033759 0.00640398 0.999974 -0.133706 -0.0679921 -1.17286
FixedParameters: 0 0 0

#Transform 96
Transform: AffineTransform_float_3_3
Parameters: 0.999994 0.00314465 0.00107738 -0.00313433 0.999947 -0.00975542 -0.00110862 0.00975156 0.999952 -0.22697 -0.0304917 -1.06011
FixedParameters: 0 0 0

#Transform 97
Transform: AffineTransform_float_3_3
Parameters: 0.999981 0.00412914 -0.00455905 -0.00405386 0.999858 0.0163698 0.00462594 -0.0163512 0.999855 -0.501645 -0.0655308 2.07027
FixedParameters: 0 0 0

#Transform 98
Transform: AffineTransform_float_3_3
Parameters: 0.999982 0.00390977 -0.00467924 -0.00385824 0.999932 0.0110203 0.00472178 -0.0110027 0.999929 -0.349939 0.290058 1.11513
FixedParameters: 0 0 0

#Transform 99
Transform: AffineTransform_float_3_3
Parameters: 0.999986 0.00388218 -0.0037369 -0.00385183 0.99996 0.00804851 0.00376809 -0.00803349 0.99996 -0.333407 0.184278 0.841285
FixedParameters: 0 0 0

#Transform 100
Transform: AffineTransform_float_3_3
Parameters: 0.999992 0.00384483 0.00123163 -0.00385118 0.999976 0.00587731 -0.00120938 -0.0058817 0.999982 -0.286388 0.145923 0.286886
FixedParameters: 0 0 0

#Transform 101
Transform: AffineTransform_float_3_3
Parameters: 0.999967 0.00387254 0.00724076 -0.00390046 0.999985 0.00378288 -0.00722524 -0.00381111 0.999966 0.295832 -3.50327 -0.941987
FixedParameters: 0 0 0

#Transform 102
Transform: AffineTransform_float_3_3
Parameters: 0.999963 0.00748771 0.0040568 -0.00755429 0.999834 0.016578 -0.00393219 -0.0166081 0.999855 -0.151274 -0.433335 -0.526902
FixedParameters: 0 0 0

#Transform 103
Transform: AffineTransform_float_3_3
Parameters: 0.999938 0.0101098 0.00450413 -0.0101592 0.999888 0.0110409 -0.00439187 -0.0110861 0.999929 -0.36315 -0.198736 -0.909253
FixedParameters: 0 0 0

#Transform 104
Transform: AffineTransform_float_3_3
Parameters: 0.999945 0.0097022 0.00397746 -0.00973979 0.999906 0.00959478 -0.00388454 -0.00963321 0.999946 -0.344373 -0.216109 -1.03439
FixedParameters: 0 0 0

#Transform 105
Transform: AffineTransform_float_3_3
Parameters: 0.999955 0.00890623 0.00327307 -0.00892676 0.99994 0.00638607 -0.00321593 -0.00641493 0.999975 -0.300948 -0.19978 -1.20266
FixedParameters: 0 0 0

#Transform 106
Transform: AffineTransform_float_3_3
Parameters: 0.999957 0.00866172 0.00326582 -0.00867729 0.999952 0.00469486 -0.00322517 -0.00472314 0.999983 -0.274417 -0.303489 -1.20203
FixedParameters: 0 0 0

#Transform 107
Transform: AffineTransform_float_3_3
Parameters: 0.999955 0.00809567 0.00479147 -0.00813033 0.999941 0.00718836 -0.00473351 -0.00722764 0.999962 -0.281196 -0.120289 -1.12302
FixedParameters: 0 0 0

#Transform 108
Transform: AffineTransform_float_3_3
Parameters: 0.99996 0.00830436 0.00331649 -0.00833763 0.999912 0.0102598 -0.00323051 -0.0102872 0.999942 -0.291092 -0.200149 -1.13831
FixedParameters: 0 0 0

#Transform 109
Transform: AffineTransform_float_3_3
Parameters: 0.999962 0.00800192 0.0035229 -0.00802408 0.999946 0.00658699 -0.00347011 -0.00661502 0.999972 -0.268553 -0.158586 -1.24492
FixedParameters: 0 0 0

#Transform 110
Transform: AffineTransform_float_3_3
Parameters: 0.999966 0.00763455 0.00306287 -0.00765246 0.999955 0.00572776 -0.00301913 -0.00575125 0.999979 -0.247355 -0.230548 -1.16404
FixedParameters: 0 0 0

#Transform 111
Transform: AffineTransform_float_3_3
Parameters: 0.999953 0.00834134 0.00497994 -0.00835466 0.999962 0.00272752 -0.00495705 -0.00276948 0.999984 -0.256238 -0.178284 -1.36426
FixedParameters: 0 0 0

#Transform 112
Transform: AffineTransform_float_3_3
Parameters: 0.999953 0.0075138 0.00600829 -0.00744218 0.999901 -0.0118853 -0.00609772 0.0118407 0.999912 -0.182644 -0.439432 -2.44633
FixedParameters: 0 0 0

#Transform 113
Transform: AffineTransform_float_3_3
Parameters: 0.999936 0.00724985 0.00874519 -0.00718215 0.999944 -0.00776531 -0.00880081 0.00770169 0.999931 -0.140007 -0.242179 -1.75228
FixedParameters: 0 0 0

#Transform 114
Transform: AffineTransform_float_3_3
Parameters: 0.999969 0.00543867 0.00581656 -0.00539434 0.999956 -0.00766662 -0.00585745 0.00763538 0.999953 -0.0888409 -0.264959 -1.41168
FixedParameters: 0 0 0

#Transform 115
Transform: AffineTransform_float_3_3
Parameters: 0.999959 0.00703867 0.00579076 -0.00703633 0.999975 -0.000481766 -0.00579425 0.000440235 0.999983 -0.169475 -0.183111 -1.42595
FixedParameters: 0 0 0

#Transform 116
Transform: AffineTransform_float_3_3
Parameters: 0.999943 0.00817759 0.00696592 -0.00815143 0.99996 -0.00383601 -0.00699609 0.00377901 0.999969 -0.187478 -0.265842 -1.70558
FixedParameters: 0 0 0

#Transform 117
Transform: AffineTransform_float_3_3
Parameters: 0.999947 0.00824864 0.00606821 -0.00821634 0.999952 -0.00522213 -0.00611178 0.00517185 0.999968 -0.181236 -0.205075 -1.80688
FixedParameters: 0 0 0

#Transform 118
Transform: AffineTransform_float_3_3
Parameters: 0.999967 0.00667436 0.00460164 -0.00668064 0.999976 0.00142831 -0.00459236 -0.0014587 0.999989 -0.1363 -0.164603 -0.77785
FixedParameters: 0 0 0

#Transform 119
Transform: AffineTransform_float_3_3
Parameters: 0.999952 0.00767668 0.0059986 -0.0077393 0.999915 0.0104341 -0.00591739 -0.0104799 0.999927 -0.206045 0.0368669 -0.868331
FixedParameters: 0 0 0

#Transform 120
Transform: AffineTransform_float_3_3
Parameters: 0.999947 0.00912925 0.00489062 -0.00918377 0.999894 0.0112937 -0.00478739 -0.0113373 0.999925 -0.271334 -0.0081147 -0.775564
FixedParameters: 0 0 0

#Transform 121
Transform: AffineTransform_float_3_3
Parameters: 0.99994 0.00995351 0.00446957 -0.00999449 0.999907 0.00935889 -0.00437644 -0.00940213 0.999946 -0.307458 -0.0362484 -0.892744
FixedParameters: 0 0 0

#Transform 122
Transform: AffineTransform_float_3_3
Parameters: 0.999951 0.00859631 0.00504641 -0.00864271 0.99992 0.00930685 -0.0049666 -0.00934916 0.999944 -0.268264 0.00486408 -0.913653
FixedParameters: 0 0 0

#Transform 123
Transform: AffineTransform_float_3_3
Parameters: 0.999952 0.00875706 0.00455872 -0.00879294 0.99993 0.0079253 -0.00448828 -0.00796469 0.999958 -0.235977 -0.0768387 -1.063
FixedParameters: 0 0 0

#Transform 124
Transform: AffineTransform_float_3_3
Parameters: 0.999947 0.00900909 0.00498565 -0.0090499 0.999925 0.00824431 -0.00491035 -0.00828967 0.999953 -0.243212 -0.00420415 -1.20556
FixedParameters: 0 0 0

#Transform 125
Transform: AffineTransform_float_3_3
Parameters: 0.999956 0.00868985 0.00346335 -0.00871616 0.999933 0.00760815 -0.00339766 -0.00763786 0.999965 -0.247452 -0.0569484 -0.61274
FixedParameters: 0 0 0

#Transform 126
Transform: AffineTransform_float_3_3
Parameters: 0.999957 0.00876386 0.00321479 -0.00879215 0.999922 0.00884712 -0.00313722 -0.00887488 0.999955 -0.258626 -0.0813297 -0.204974
FixedParameters: 0 0 0

#Transform 127
Transform: AffineTransform_float_3_3
Parameters: 0.999944 0.0105361 0.00100703 -0.0105529 0.999771 0.0185834 -0.000810969 -0.0185936 0.999827 -0.459534 0.0835624 1.16958
FixedParameters: 0 0 0

#Transform 128
Transform: AffineTransform_float_3_3
Parameters: 0.999963 0.00856328 0.000836775 -0.00856972 0.999938 0.0070911 -0.000776221 -0.00709791 0.999975 -0.282842 0.103785 0.206627
FixedParameters: 0 0 0

#Transform 129
Transform: AffineTransform_float_3_3
Parameters: 0.999956 0.00927838 0.00139928 -0.00928961 0.999926 0.00777934 -0.00132672 -0.00779165 0.999969 -0.345279 0.0503973 0.291161
FixedParameters: 0 0 0

#Transform 130
Transform: AffineTransform_float_3_3
Parameters: 0.999955 0.00927748 0.00186041 -0.00928952 0.999937 0.006283 -0.00180159 -0.00629999 0.999978 -0.365831 0.0445478 0.0824526
FixedParameters: 0 0 0

#Transform 131
Transform: AffineTransform_float_3_3
Parameters: 0.999971 0.0074356 0.00196605 -0.00745241 0.999931 0.00899961 -0.00189896 -0.00901338 0.999957 -0.348806 -0.00628414 -0.253353
FixedParameters: 0 0 0

#Transform 132
Transform: AffineTransform_float_3_3
Parameters: 0.999974 0.00655393 0.00279435 -0.00659506 0.999867 0.01495 -0.00269564 -0.0149681 0.999885 -0.222766 0.125898 -0.0308674
FixedParameters: 0 0 0

#Transform 133
Transform: AffineTransform_float_3_3
Parameters: 0.999958 0.0076567 0.005065 -0.00772029 0.999891 0.0125964 -0.00496799 -0.0126356 0.999908 -0.224197 0.117933 0.328924
FixedParameters: 0 0 0

#Transform 134
Transform: AffineTransform_float_3_3
Parameters: 0.999959 0.00783662 0.00457857 -0.00788537 0.99991 0.0108673 -0.00449243 -0.0109026 0.99993 -0.219328 0.0905057 0.0904829
FixedParameters: 0 0 0

#Transform 135
Transform: AffineTransform_float_3_3
Parameters: 0.999956 0.0083638 0.00430593 -0.00840919 0.999908 0.0105863 -0.00421706 -0.0106217 0.999934 -0.296002 0.119653 -0.146991
FixedParameters: 0 0 0

#Transform 136
Transform: AffineTransform_float_3_3
Parameters: 0.999958 0.00830616 0.00404585 -0.00834585 0.999916 0.00993266 -0.00396316 -0.00996635 0.999943 -0.305062 0.0505711 -0.274797
FixedParameters: 0 0 0

#Transform 137
Transform: AffineTransform_float_3_3
Parameters: 0.999949 0.00905201 0.00451685 -0.00908797 0.999926 0.00801136 -0.00444315 -0.00805163 0.999957 -0.269013 0.121415 -0.830057
FixedParameters: 0 0 0

#Transform 138
Transform: AffineTransform_float_3_3
Parameters: 0.999955 0.0082318 0.00475668 -0.00826619 0.99994 0.007215 -0.00469632 -0.00725398 0.999962 -0.221021 0.0365852 -0.918566
FixedParameters: 0 0 0

#Transform 139
Transform: AffineTransform_float_3_3
Parameters: 0.999959 0.00637649 0.0063914 -0.00630852 0.999923 -0.0106788 -0.00645861 0.0106382 0.999922 -0.014062 -0.293137 -2.36985
FixedParameters: 0 0 0

#Transform 140
Transform: AffineTransform_float_3_3
Parameters: 0.999966 0.00576103 0.00592799 -0.00568596 0.999904 -0.0125971 -0.006 0.0125629 0.999903 -0.0537254 0.0528424 -2.25907
FixedParameters: 0 0 0

#Transform 141
Transform: AffineTransform_float_3_3
Parameters: 0.99996 0.0064051 0.00612176 -0.0064019 0.99998 -0.000525212 -0.00612524 0.000486787 0.999981 -0.120765 -0.0898554 -1.57904
FixedParameters: 0 0 0

#Transform 142
Transform: AffineTransform_float_3_3
Parameters: 0.99995 0.00778702 0.00630298 -0.00778698 0.999969 -2.70826e-05 -0.00630303 -2.10829e-05 0.99998 -0.157846 -0.0447163 -1.73546
FixedParameters: 0 0 0

#Transform 143
Transform: AffineTransform_float_3_3
Parameters: 0.999953 0.00800282 0.00536137 -0.00799318 0.999967 -0.00185094 -0.00537663 0.00180806 0.999984 -0.162391 -0.0789831 -1.8421
FixedParameters: 0 0 0

#Transform 144
Transform: AffineTransform_float_3_3
Parameters: 0.999957 0.00801246 0.00481944 -0.00797953 0.999945 -0.00671775 -0.00487356 0.00667924 0.999966 -0.174277 -0.0974066 -2.1129
FixedParameters: 0 0 0

#Transform 145
Transform: AffineTransform_float_3_3
Parameters: 0.999951 0.00717665 0.00691414 -0.00719635 0.99997 0.00277738 -0.00689386 -0.00282762 0.999972 -0.16354 0.0537595 -1.76106
FixedParameters: 0 0 0

#Transform 146
Transform: AffineTransform_float_3_3
Parameters: 0.999946 0.00778838 0.00689808 -0.00779261 0.999969 0.000497273 -0.00689392 -0.000550722 0.999976 -0.140181 -0.136498 -1.63132
FixedParameters: 0 0 0

#Transform 147
Transform: AffineTransform_float_3_3
Parameters: 0.999962 0.00770064 0.00413309 -0.00769836 0.99997 -0.000653843 -0.00413791 0.000622159 0.999991 -0.162021 -0.116541 -1.48116
FixedParameters: 0 0 0

#Transform 148
Transform: AffineTransform_float_3_3
Parameters: 0.99997 0.00709726 0.00328799 -0.00709375 0.999975 -0.000999355 -0.00329501 0.000975645 0.999994 -0.164238 0.06295 -2.196
FixedParameters: 0 0 0

#Transform 149
Transform: AffineTransform_float_3_3
Parameters: 0.999965 0.00794275 0.00255057 -0.00794026 0.999968 -0.000694277 -0.00255644 0.000674719 0.999997 -0.210078 -0.0784081 -2.46036
FixedParameters: 0 0 0

#Transform 150
Transform: AffineTransform_float_3_3
Parameters: 0.999961 0.00806555 0.00374825 -0.00805445 0.999963 -0.00308631 -0.00377275 0.00305569 0.999988 -0.215496 -0.075596 -2.58394
FixedParameters: 0 0 0

#Transform 151
Transform: AffineTransform_float_3_3
Parameters: 0.999962 0.00795487 0.00372152 -0.00794114 0.999962 -0.0037247 -0.00375149 0.0036953 0.999986 -0.213778 -0.149982 -2.58079
FixedParameters: 0 0 0

#Transform 152
Transform: AffineTransform_float_3_3
Parameters: 0.999953 0.00732452 0.00624752 -0.00730047 0.999966 -0.00378079 -0.00627447 0.00373422 0.999974 -0.187054 -0.111047 -2.67731
FixedParameters: 0 0 0

#Transform 153
Transform: AffineTransform_float_3_3
Parameters: 0.999952 0.00753746 0.00615557 -0.00749554 0.99995 -0.00673146 -0.00620542 0.00668455 0.999959 -0.197034 -0.174862 -3.00349
FixedParameters: 0 0 0

#Transform 154
Transform: AffineTransform_float_3_3
Parameters: 0.999953 0.00754837 0.00599489 -0.00749664 0.999936 -0.00854434 -0.0060591 0.00849966 0.999945 -0.183546 -0.193678 -2.97652
FixedParameters: 0 0 0

#Transform 155
Transform: AffineTransform_float_3_3
Parameters: 0.999951 0.00805298 0.00572558 -0.00800103 0.999927 -0.00904425 -0.00579741 0.00899775 0.999942 -0.195517 -0.229354 -2.93462
FixedParameters: 0 0 0

#Transform 156
Transform: AffineTransform_float_3_3
Parameters: 0.999955 0.00718204 0.00620161 -0.00711797 0.999922 -0.0102866 -0.0062744 0.0102424 0.999928 -0.169986 -0.147139 -3.08499
FixedParameters: 0 0 0

#Transform 157
Transform: AffineTransform_float_3_3
Parameters: 0.999954 0.00729442 0.00621275 -0.00723458 0.999927 -0.00969339 -0.00628225 0.00964761 0.999933 -0.163133 -0.230113 -3.03293
FixedParameters: 0 0 0

#Transform 158
Transform: AffineTransform_float_3_3
Parameters: 0.999957 0.00771107 0.00524197 -0.00766393 0.999929 -0.00912957 -0.00531203 0.00908843 0.999944 -0.182695 -0.18262 -2.81785
FixedParameters: 0 0 0

#Transform 159
Transform: AffineTransform_float_3_3
Parameters: 0.999965 0.0072489 0.00432313 -0.00723411 0.999968 -0.0034504 -0.00434788 0.0034196 0.999984 -0.142873 -0.194649 -2.49313
FixedParameters: 0 0 0

#Transform 160
Transform: AffineTransform_float_3_3
Parameters: 0.999963 0.00853825 0.000141017 -0.00853775 0.999937 -0.00726047 -0.000202984 0.00725853 0.999973 -0.206842 -0.104007 -2.30714
FixedParameters: 0 0 0

#Transform 161
Transform: AffineTransform_float_3_3
Parameters: 0.999966 0.0082591 -0.000526686 -0.00826089 0.999959 -0.00371278 0.000495313 0.00371722 0.999993 -0.264105 -0.0418763 -1.75049
FixedParameters: 0 0 0

#Transform 162
Transform: AffineTransform_float_3_3
Parameters: 0.99999 0.00409663 -0.00178466 -0.00405736 0.999757 0.0216694 0.00187335 -0.0216625 0.999763 -0.190397 -0.0557866 0.443411
FixedParameters: 0 0 0

#Transform 163
Transform: AffineTransform_float_3_3
Parameters: 0.999975 0.00707707 -0.000995756 -0.00706494 0.999908 0.0116343 0.00107824 -0.0116267 0.999932 -0.334472 0.226025 -0.711081
FixedParameters: 0 0 0

#Transform 164
Transform: AffineTransform_float_3_3
Parameters: 0.999959 0.00911402 -0.000550043 -0.00911098 0.999944 0.00526523 0.000597955 -0.00525977 0.999986 -0.360449 0.0278833 -0.663522
FixedParameters: 0 0 0

#Transform 165
Transform: AffineTransform_float_3_3
Parameters: 0.999952 0.00980086 -0.000184994 -0.00980014 0.999943 0.00418502 0.000226007 -0.00418299 0.999991 -0.378576 0.0521813 -0.771008
FixedParameters: 0 0 0

#Transform 166
Transform: AffineTransform_float_3_3
Parameters: 0.999964 0.00852379 -0.000782497 -0.00851922 0.999946 0.00592988 0.000832506 -0.00592312 0.999982 -0.294844 0.00244336 -0.391624
FixedParameters: 0 0 0

#Transform 167
Transform: AffineTransform_float_3_3
Parameters: 0.999962 0.0086393 -0.000280358 -0.00863769 0.999953 0.00435859 0.000318636 -0.00435541 0.999991 -0.20721 0.13622 -1.20251
FixedParameters: 0 0 0

#Transform 168
Transform: AffineTransform_float_3_3
Parameters: 0.999957 0.00912772 -0.00174722 -0.00912728 0.999959 0.000421966 0.00175078 -0.000406037 0.999999 -0.289428 0.0330971 -1.83115
FixedParameters: 0 0 0

#Transform 169
Transform: AffineTransform_float_3_3
Parameters: 0.999961 0.00877026 -0.000951217 -0.00877174 0.99996 -0.00184473 0.00093479 0.00185227 0.999998 -0.291203 -0.0495797 -1.9214
FixedParameters: 0 0 0

#Transform 170
Transform: AffineTransform_float_3_3
Parameters: 0.999965 0.00826287 -0.000751439 -0.00826212 0.999965 0.00116025 0.000760567 -0.00115476 0.999999 -0.278189 0.147634 -1.81718
FixedParameters: 0 0 0

#Transform 171
Transform: AffineTransform_float_3_3
Parameters: 0.999963 0.00848499 -0.000916692 -0.008483 0.999961 0.00216185 0.000935309 -0.00215414 0.999997 -0.263614 -0.0896272 -2.05719
FixedParameters: 0 0 0

#Transform 172
Transform: AffineTransform_float_3_3
Parameters: 0.999963 0.00847101 -0.000889404 -0.00846999 0.999964 0.00113657 0.00089959 -0.00112842 0.999999 -0.321302 -0.0947284 -2.2684
FixedParameters: 0 0 0

#Transform 173
Transform: AffineTransform_float_3_3
Parameters: 0.999963 0.00850819 0.00139012 -0.00850981 0.999963 0.00130122 -0.00137887 -0.00131378 0.999998 -0.276218 -0.0587021 -2.2152
FixedParameters: 0 0 0

#Transform 174
Transform: AffineTransform_float_3_3
Parameters: 0.999967 0.00812711 0.00062761 -0.00812789 0.999966 0.00142595 -0.000616389 -0.00143106 0.999999 -0.285415 0.059215 -2.21417
FixedParameters: 0 0 0

#Transform 175
Transform: AffineTransform_float_3_3
Parameters: 0.999954 0.00865715 -0.00413629 -0.00857283 0.999765 0.0199474 0.00430871 -0.0199106 0.999793 -0.532641 -0.0505047 1.23094
FixedParameters: 0 0 0

#Transform 176
Transform: AffineTransform_float_3_3
Parameters: 0.999835 0.0162436 -0.00810494 -0.0155924 0.997073 0.0748467 0.0092971 -0.0747083 0.997162 -1.19283 1.01799 5.02036
FixedParameters: 0 0 0

#Transform 177
Transform: AffineTransform_float_3_3
Parameters: 0.999903 0.0136829 0.002667 -0.0137611 0.999396 0.0318934 -0.002229 -0.0319266 0.999487 -0.700729 0.808065 1.50917
FixedParameters: 0 0 0

#Transform 178
Transform: AffineTransform_float_3_3
Parameters: 0.999933 0.0111146 0.00301449 -0.0111975 0.999509 0.0292422 -0.00268852 -0.0292738 0.999568 -0.549008 0.498799 1.04542
FixedParameters: 0 0 0

#Transform 179
Transform: AffineTransform_float_3_3
Parameters: 0.99993 0.0113636 0.00325401 -0.0114444 0.999592 0.0261956 -0.00295502 -0.0262304 0.999651 -0.551369 0.469357 0.835436
FixedParameters: 0 0 0

#Transform 180
Transform: AffineTransform_float_3_3
Parameters: 0.999924 0.0120257 0.00271914 -0.0120993 0.999513 0.0287563 -0.00237286 -0.0287867 0.999583 -0.551381 0.379069 1.26775
FixedParameters: 0 0 0

#Transform 181
Transform: AffineTransform_float_3_3
Parameters: 0.999905 0.0126188 0.00567002 -0.0128312 0.999154 0.039086 -0.00517197 -0.039155 0.99922 -0.580142 0.486367 1.89068
FixedParameters: 0 0 0

#Transform 182
Transform: AffineTransform_float_3_3
Parameters: 0.999931 0.0107768 0.0046838 -0.0109202 0.999431 0.0319331 -0.00433622 -0.031982 0.999479 -0.476625 0.505827 1.34795
FixedParameters: 0 0 0

#Transform 183
Transform: AffineTransform_float_3_3
Parameters: 0.999938 0.0100817 0.00468237 -0.0101893 0.999672 0.0234917 -0.00444362 -0.0235383 0.999713 -0.416269 0.50078 0.200652
FixedParameters: 0 0 0

#Transform 184
Transform: AffineTransform_float_3_3
Parameters: 0.999937 0.0103773 0.00431607 -0.0104497 0.999798 0.017172 -0.00413693 -0.017216 0.999843 -0.428693 0.338782 -0.699708
FixedParameters: 0 0 0

#Transform 185
Transform: AffineTransform_float_3_3
Parameters: 0.999936 0.0100484 0.00508047 -0.0101246 0.999832 0.0152875 -0.00492653 -0.0153385 0.99987 -0.410991 0.252455 -0.897275
FixedParameters: 0 0 0

#Transform 186
Transform: AffineTransform_float_3_3
Parameters: 0.999939 0.00959014 0.00538798 -0.00966786 0.999847 0.0146148 -0.00524701 -0.0146662 0.999878 -0.380361 0.170573 -0.986461
FixedParameters: 0 0 0

#Transform 187
Transform: AffineTransform_float_3_3
Parameters: 0.99992 0.0115132 0.00524498 -0.0116098 0.999756 0.0188216 -0.00502703 -0.0188804 0.999809 -0.539773 0.274398 0.269714
FixedParameters: 0 0 0

#Transform 188
Transform: AffineTransform_float_3_3
