#Insight Transform File V1.0
#Transform 0
Transform: AffineTransform_float_3_3
Parameters: 0.999999 0.00129143 0.00134654 -0.00129257 0.999999 0.00042026 -0.00134546 -0.000421738 0.999999 -0.199019 -0.174488 0.194648
FixedParameters: 0 0 0

#Transform 1
Transform: AffineTransform_float_3_3
Parameters: 0.999999 0.000873064 0.000867936 -0.000872936 0.999999 -7.37577e-05 -0.000868064 7.32421e-05 0.999999 -0.181995 -0.148392 0.0924029
FixedParameters: 0 0 0

#Transform 2
Transform: AffineTransform_float_3_3
Parameters: 0.999999 0.000873315 0.000867683 -0.000872686 0.999999 -0.000362757 -0.000867316 0.000362243 0.999999 -0.16382 -0.0895349 0.144075
FixedParameters: 0 0 0

#Transform 3
Transform: AffineTransform_float_3_3
Parameters: 1 0.000658215 0.000937849 -0.000657785 1 -0.000229617 -0.000938151 0.000229382 0.999999 -0.149544 -0.174972 0.0703512
FixedParameters: 0 0 0

#Transform 4
Transform: AffineTransform_float_3_3
Parameters: 1 0.000551132 0.00102239 -0.000549869 0.999999 -0.00110656 -0.00102261 0.00110644 0.999999 -0.136692 -0.0558337 0.0791402
FixedParameters: 0 0 0

#Transform 5
Transform: AffineTransform_float_3_3
Parameters: 0.999999 0.000538036 0.0011235 -0.000536964 0.999999 -0.000921603 -0.0011245 0.000921395 0.999999 -0.129757 -0.0943684 0.0766917
FixedParameters: 0 0 0

#Transform 6
Transform: AffineTransform_float_3_3
Parameters: 0.999999 0.00044143 0.000552656 -0.000440569 0.999999 -0.000778243 -0.000553343 0.000778755 0.999999 -0.0959208 -0.152779 0.0342403
FixedParameters: 0 0 0

#Transform 7
Transform: AffineTransform_float_3_3
Parameters: 0.999999 0.000233528 0.000669816 -0.000233472 0.999999 -0.000788157 -0.000670184 0.000787844 1 -0.0986072 -0.0544735 0.00929847
FixedParameters: 0 0 0

#Transform 8
Transform: AffineTransform_float_3_3
Parameters: 0.999999 2.10129e-05 0.000864976 -1.99871e-05 1 -0.00117102 -0.000865024 0.00117098 0.999999 -0.096766 -0.0545206 -0.00568582
FixedParameters: 0 0 0

#Transform 9
Transform: AffineTransform_float_3_3
Parameters: 0.999999 2.08436e-05 0.000915981 -2.01563e-05 0.999999 -0.000921019 -0.000916019 0.000920981 0.999999 -0.0817946 -0.151661 -0.0468311
FixedParameters: 0 0 0

#Transform 10
Transform: AffineTransform_float_3_3
Parameters: 0.999999 2.10221e-05 0.000887976 -1.99779e-05 1 -0.00115102 -0.000888023 0.00115098 0.999999 -0.0811838 -0.0520383 -0.04467
FixedParameters: 0 0 0

#Transform 11
Transform: AffineTransform_float_3_3
Parameters: 0.999999 -6.05522e-05 0.000820033 6.14477e-05 1 -0.000545949 -0.000819966 0.000546049 0.999999 -0.0739283 -0.145642 -0.0891161
FixedParameters: 0 0 0

#Transform 12
Transform: AffineTransform_float_3_3
Parameters: 0.999999 -0.000138124 0.000820148 0.000138876 1 -0.00106789 -0.000819852 0.00106811 0.999999 -0.0530781 0.0253475 -0.0347481
FixedParameters: 0 0 0

#Transform 13
Transform: AffineTransform_float_3_3
Parameters: 1 -0.000184691 0.00107005 0.00018431 1 -0.000289803 -0.00106995 0.000289198 1 -0.0544806 -0.184691 -0.0690917
FixedParameters: 0 0 0

#Transform 14
Transform: AffineTransform_float_3_3
Parameters: 1 -0.000298705 0.000471187 0.000299295 1 -0.000625859 -0.000471812 0.000626141 0.999999 -0.0427007 -0.0200309 -0.0312605
FixedParameters: 0 0 0

#Transform 15
Transform: AffineTransform_float_3_3
Parameters: 1 -9.00253e-05 0.000210989 8.99749e-05 1 0.000119019 -0.000211011 -0.000119981 1 -0.0397199 -0.161796 -0.0204276
FixedParameters: 0 0 0

#Transform 16
Transform: AffineTransform_float_3_3
Parameters: 1 -0.00042293 0.000249119 0.00042307 1 -0.000280895 -0.000249881 0.000281106 1 -0.017683 0.00450534 0.00769324
FixedParameters: 0 0 0

#Transform 17
Transform: AffineTransform_float_3_3
Parameters: 1 -0.000111057 0.000349982 0.000110943 1 0.000164039 -0.000350018 -0.000163961 1 -0.0414079 -0.0961561 0.0509277
FixedParameters: 0 0 0

#Transform 18
Transform: AffineTransform_float_3_3
Parameters: 1 -0.000157118 0.000428957 0.000156883 1 0.000273067 -0.000429043 -0.000273933 1 -0.0257894 -0.0779497 0.0151806
FixedParameters: 0 0 0

#Transform 19
Transform: AffineTransform_float_3_3
Parameters: 1 -0.000137118 0.000428962 0.000136883 1 0.000273059 -0.000429037 -0.000273941 1 -0.0165621 -0.102849 0.0136905
FixedParameters: 0 0 0

#Transform 20
Transform: AffineTransform_float_3_3
Parameters: 1 -0.000423057 -0.000208885 0.000422943 1 -0.000271088 0.000209115 0.000271912 1 0.00458886 0.0174424 0.012815
FixedParameters: 0 0 0

#Transform 21
Transform: AffineTransform_float_3_3
Parameters: 1 8.20667e-05 -0.000208974 -8.19333e-05 1 0.000319017 0.000209026 -0.000318983 1 -0.000143883 -0.122808 -0.00731604
FixedParameters: 0 0 0

#Transform 22
Transform: AffineTransform_float_3_3
Parameters: 1 -3.39659e-05 -0.000209006 3.40341e-05 1 0.000162993 0.000208994 -0.000163007 1 0.00352651 0.0306518 -0.0259066
FixedParameters: 0 0 0

#Transform 23
Transform: AffineTransform_float_3_3
Parameters: 1 4.18116e-06 -0.000276997 -3.81884e-06 1 0.000654001 0.000277002 -0.000653999 0.999999 0.0151052 -0.0657016 -0.0282708
FixedParameters: 0 0 0

#Transform 24
Transform: AffineTransform_float_3_3
Parameters: 1 2.60405e-05 -0.000208995 -2.59595e-05 1 0.000194005 0.000209005 -0.000193995 1 0.0153252 -0.0311593 -0.0403602
FixedParameters: 0 0 0

#Transform 25
Transform: AffineTransform_float_3_3
Parameters: 1 -1.69097e-05 -0.000209007 1.70903e-05 1 0.000431996 0.000208993 -0.000432003 1 0.0296149 -0.0263958 -0.063503
FixedParameters: 0 0 0

#Transform 26
Transform: AffineTransform_float_3_3
Parameters: 1 -0.000149857 -0.000209102 0.000150143 1 0.000682968 0.000208897 -0.000683031 0.999999 0.0478413 -0.0781704 -0.104923
FixedParameters: 0 0 0

#Transform 27
Transform: AffineTransform_float_3_3
Parameters: 1 -0.000422837 -0.000276249 0.000423162 0.999999 0.000587883 0.000275751 -0.000588116 1 0.0372253 0.0283993 -0.0935384
FixedParameters: 0 0 0

#Transform 28
Transform: AffineTransform_float_3_3
Parameters: 1 -0.000167014 -0.000208989 0.000166986 1 -6.70349e-05 0.000209011 6.69651e-05 1 0.0318183 0.042261 -0.0278786
FixedParameters: 0 0 0

#Transform 29
Transform: AffineTransform_float_3_3
Parameters: 1 -0.000138379 -0.000686126 0.000138621 0.999999 0.000904905 0.000685875 -0.000905095 1 0.0424406 -0.094864 -0.105101
FixedParameters: 0 0 0

#Transform 30
Transform: AffineTransform_float_3_3
Parameters: 1 -0.000126871 -0.00054803 0.000127129 1 0.00023593 0.00054797 -0.00023607 1 0.0389608 0.0918124 -0.0461278
FixedParameters: 0 0 0

#Transform 31
Transform: AffineTransform_float_3_3
Parameters: 1 -0.000182643 -0.000430152 0.000183357 0.999999 0.000830921 0.000429848 -0.000831078 0.999999 0.0649676 -0.0950434 -0.089251
FixedParameters: 0 0 0

#Transform 32
Transform: AffineTransform_float_3_3
Parameters: 1 -0.000264821 -0.000497095 0.000265178 1 0.000358868 0.000496905 -0.000359132 1 0.0676642 0.0935853 -0.0441005
FixedParameters: 0 0 0

#Transform 33
Transform: AffineTransform_float_3_3
Parameters: 1 -0.000182467 -0.000532183 0.000183533 1 0.0010019 0.000531816 -0.0010021 1 0.0725468 -0.0837921 -0.0887738
FixedParameters: 0 0 0

#Transform 34
Transform: AffineTransform_float_3_3
Parameters: 0.999999 -0.000610243 -0.000756612 0.000610758 1 0.00100154 0.000756389 -0.00100146 0.999999 0.0750629 0.217645 -0.111044
FixedParameters: 0 0 0

#Transform 35
Transform: AffineTransform_float_3_3
Parameters: 1 -0.000380912 0.00036104 0.000380088 0.999996 0.00252314 -0.00036196 -0.00252386 0.999997 0.00395728 -0.313969 0.00928916
FixedParameters: 0 0 0

#Transform 36
Transform: AffineTransform_float_3_3
Parameters: 1 -0.000183371 0.000159574 0.00018263 0.999998 0.00232303 -0.000159425 -0.00232297 0.999998 0.00535919 -0.0789301 -0.0532476
FixedParameters: 0 0 0

#Transform 37
Transform: AffineTransform_float_3_3
Parameters: 1 -0.000401268 0.000231537 0.000401733 1 0.00115409 -0.000231464 -0.00115391 1 0.025448 0.12264 -0.0900134
FixedParameters: 0 0 0

#Transform 38
Transform: AffineTransform_float_3_3
Parameters: 0.999999 -0.00058978 0.000550164 0.000588219 0.999999 0.00141832 -0.000550834 -0.00141768 0.999999 0.0450403 -0.120856 -0.166188
FixedParameters: 0 0 0

#Transform 39
Transform: AffineTransform_float_3_3
Parameters: 1 -0.000418357 0.000550729 0.000417644 0.999999 0.00064723 -0.00055027 -0.00064777 0.999999 0.0414345 0.0450516 -0.13698
FixedParameters: 0 0 0

#Transform 40
Transform: AffineTransform_float_3_3
Parameters: 1 -0.000176554 0.000550823 0.000175446 0.999999 0.0010061 -0.000550177 -0.0010059 1 0.033295 -0.0704031 -0.163081
FixedParameters: 0 0 0

#Transform 41
Transform: AffineTransform_float_3_3
Parameters: 1 -0.000224105 0.000147841 0.000223895 0.999999 0.000711033 -0.000148159 -0.000710966 0.999999 0.0371223 0.0894081 -0.12107
FixedParameters: 0 0 0

#Transform 42
Transform: AffineTransform_float_3_3
Parameters: 1 -0.000232928 0.000638662 0.000232073 0.999999 0.00145315 -0.000638338 -0.00145285 0.999998 0.0243907 -0.0962109 -0.095472
FixedParameters: 0 0 0

#Transform 43
Transform: AffineTransform_float_3_3
Parameters: 1 -9.80804e-05 5.38538e-05 9.79194e-05 0.999999 0.001491 -5.41461e-05 -0.00149099 0.999999 0.0377709 0.0142384 -0.0934015
FixedParameters: 0 0 0

#Transform 44
Transform: AffineTransform_float_3_3
Parameters: 1 -0.000237379 0.000660506 0.000235622 0.999998 0.00208716 -0.000660493 -0.00208684 0.999998 0.0489363 -0.0710105 -0.0916656
FixedParameters: 0 0 0

#Transform 45
Transform: AffineTransform_float_3_3
Parameters: 0.999999 -0.000421902 0.000606373 0.000421097 0.999999 0.00148726 -0.000607626 -0.00148674 0.999998 0.0516896 0.121662 0.0481854
FixedParameters: 0 0 0

#Transform 46
Transform: AffineTransform_float_3_3
Parameters: 0.999997 -0.000704465 0.00242012 0.000690537 0.999985 0.00555969 -0.00242387 -0.00555831 0.999981 0.00470253 -0.235339 0.29495
FixedParameters: 0 0 0

#Transform 47
Transform: AffineTransform_float_3_3
Parameters: 0.999999 -7.5718e-05 0.00143871 7.02807e-05 0.999992 0.00397411 -0.00143929 -0.0039739 0.999991 -0.010232 -0.0283312 0.147435
FixedParameters: 0 0 0

#Transform 48
Transform: AffineTransform_float_3_3
Parameters: 0.999998 0.00052475 0.00150449 -0.000529252 0.999996 0.00282621 -0.00150351 -0.00282679 0.999995 -0.0346201 -0.0158368 0.123557
FixedParameters: 0 0 0

#Transform 49
Transform: AffineTransform_float_3_3
Parameters: 0.999998 0.000525375 0.00150427 -0.000528626 0.999997 0.00241021 -0.00150373 -0.00241079 0.999996 -0.0010471 0.00536226 0.0701875
FixedParameters: 0 0 0

#Transform 50
Transform: AffineTransform_float_3_3
Parameters: 1 0.000232999 0.000995472 -0.000235003 0.999998 0.00201177 -0.00099553 -0.00201123 0.999998 0.0227199 -0.035713 0.0207483
FixedParameters: 0 0 0

#Transform 51
Transform: AffineTransform_float_3_3
Parameters: 0.999999 0.00011398 0.000700166 -0.00011502 0.999999 0.00145692 -0.000699833 -0.00145708 0.999998 0.0287951 0.0407385 0.00237306
FixedParameters: 0 0 0

#Transform 52
Transform: AffineTransform_float_3_3
Parameters: 1 0.000398045 0.000557683 -0.000398954 0.999999 0.00171378 -0.000556317 -0.00171422 0.999999 0.0302209 -0.0283884 -0.00574465
FixedParameters: 0 0 0

#Transform 53
Transform: AffineTransform_float_3_3
Parameters: 0.999999 0.000213853 0.000787312 -0.000215146 0.999999 0.00145683 -0.000786687 -0.00145717 0.999998 0.0454983 0.00220417 -0.0203221
FixedParameters: 0 0 0

#Transform 54
Transform: AffineTransform_float_3_3
Parameters: 1 3.51026e-05 0.000557057 -3.58973e-05 0.999998 0.00161098 -0.000556943 -0.00161102 0.999998 0.0534553 -0.0351539 -0.0501665
FixedParameters: 0 0 0

#Transform 55
Transform: AffineTransform_float_3_3
Parameters: 1 3.5507e-05 0.000557032 -3.64929e-05 0.999999 0.00088498 -0.000556968 -0.00088502 1 0.0534827 0.0499252 -0.0226834
FixedParameters: 0 0 0

#Transform 56
Transform: AffineTransform_float_3_3
Parameters: 1 3.53098e-05 0.000557044 -3.66901e-05 0.999999 0.00123898 -0.000556955 -0.00123902 0.999999 0.0534605 -0.0212258 -0.0326547
FixedParameters: 0 0 0

#Transform 57
Transform: AffineTransform_float_3_3
Parameters: 1 3.57521e-05 0.000235038 -3.62479e-05 1 0.00105499 -0.000234962 -0.00105501 1 0.0516762 0.00404403 -0.0534198
FixedParameters: 0 0 0

#Transform 58
Transform: AffineTransform_float_3_3
Parameters: 0.999999 0.000642515 0.00055756 -0.000643485 1 0.000870642 -0.00055644 -0.000871359 1 0.0213113 0.157705 0.0415994
FixedParameters: 0 0 0

#Transform 59
Transform: AffineTransform_float_3_3
Parameters: 0.999999 0.000678217 0.000557952 -0.000678782 0.999999 0.00140362 -0.000557048 -0.00140338 0.999999 0.0231386 -0.121064 0.0182634
FixedParameters: 0 0 0

#Transform 60
Transform: AffineTransform_float_3_3
Parameters: 1 0.000679101 -9.52802e-05 -0.000678899 0.999999 0.00106007 9.57197e-05 -0.00105994 1 0.0223499 0.0390548 0.0222043
FixedParameters: 0 0 0

#Transform 61
Transform: AffineTransform_float_3_3
Parameters: 1 0.000215407 -0.000551841 -0.000214593 0.999999 0.000738118 0.000551158 -0.000737881 0.999999 0.0375803 0.109331 0.076017
FixedParameters: 0 0 0

#Transform 62
Transform: AffineTransform_float_3_3
Parameters: 0.999999 0.000645532 -0.000551378 -0.000644468 1 0.000964356 0.000551621 -0.000963645 1 0.031136 -0.0459966 0.00362531
FixedParameters: 0 0 0

#Transform 63
Transform: AffineTransform_float_3_3
Parameters: 1 0.000381255 -0.000551824 -0.000381745 1 0.000462211 0.000551176 -0.00046179 0.999999 0.0351927 0.0973745 0.0120002
FixedParameters: 0 0 0

#Transform 64
Transform: AffineTransform_float_3_3
Parameters: 1 0.00013437 -0.000299835 -0.00013463 0.999999 0.00123304 0.000300166 -0.00123396 0.999999 0.0581868 -0.00579536 -0.020982
FixedParameters: 0 0 0

#Transform 65
Transform: AffineTransform_float_3_3
Parameters: 1 0.000227767 -0.000608713 -0.000227234 0.999999 0.00126014 0.000608287 -0.00125986 0.999999 0.053397 0.0945062 -0.00313738
FixedParameters: 0 0 0

#Transform 66
Transform: AffineTransform_float_3_3
Parameters: 0.999999 0.000396027 -0.00070042 -0.000394973 0.999999 0.00146628 0.000700579 -0.00146572 0.999998 0.0543727 -0.0310285 -0.0639719
FixedParameters: 0 0 0

#Transform 67
Transform: AffineTransform_float_3_3
Parameters: 1 0.000470952 -0.00102857 -0.000470049 1 0.000924485 0.00102944 -0.000924516 0.999999 0.0300004 0.125102 -0.0340517
FixedParameters: 0 0 0

#Transform 68
Transform: AffineTransform_float_3_3
Parameters: 0.999999 0.000597479 -0.000475399 -0.00059752 1 0.00100729 0.000476602 -0.00100672 1 0.0198812 0.0290579 -0.0141755
FixedParameters: 0 0 0

#Transform 69
Transform: AffineTransform_float_3_3
Parameters: 1 0.000477496 -0.000492519 -0.000477503 1 0.00100724 0.000493481 -0.00100677 1 0.0296195 0.0458743 -0.0611883
FixedParameters: 0 0 0

#Transform 70
Transform: AffineTransform_float_3_3
Parameters: 1 0.000477217 -0.000427757 -0.000476782 1 0.000508204 0.000428242 -0.000507796 1 0.0244198 0.0374963 -0.0689414
FixedParameters: 0 0 0

#Transform 71
Transform: AffineTransform_float_3_3
Parameters: 1 0.000477108 -0.000354854 -0.000476891 1 0.000306169 0.000355146 -0.000305831 1 0.0165962 0.127114 -0.0890162
FixedParameters: 0 0 0

#Transform 72
Transform: AffineTransform_float_3_3
Parameters: 1 0.000394049 -5.76678e-05 -0.000393951 0.999999 0.000843022 5.83321e-05 -0.000842976 0.999999 0.0352015 0.0554374 -0.117846
FixedParameters: 0 0 0

#Transform 73
Transform: AffineTransform_float_3_3
Parameters: 1 0.000477048 -9.37576e-05 -0.000476952 1 0.000508045 9.42423e-05 -0.000507955 1 0.0235572 0.0765238 -0.0647909
FixedParameters: 0 0 0

#Transform 74
Transform: AffineTransform_float_3_3
Parameters: 1 -1.31571e-05 0.000537996 1.38429e-05 1 0.000292007 -0.000538004 -0.000291993 1 0.0511247 0.005821 -0.0334837
FixedParameters: 0 0 0

#Transform 75
Transform: AffineTransform_float_3_3
Parameters: 0.999998 0.00010954 0.00160424 -0.000112463 0.999997 0.00215782 -0.00160476 -0.00215718 0.999997 -0.00381951 0.0273475 0.142021
FixedParameters: 0 0 0

#Transform 76
Transform: AffineTransform_float_3_3
Parameters: 0.999999 0.000881928 0.000511336 -0.000885076 0.999982 0.00603955 -0.000506664 -0.00603945 0.999981 -0.00745175 -0.142087 0.120447
FixedParameters: 0 0 0

#Transform 77
Transform: AffineTransform_float_3_3
Parameters: 0.999998 0.0016643 -0.000173124 -0.0016637 0.999997 0.00172829 0.000176877 -0.00172871 0.999999 -0.0336658 0.00402321 0.033586
FixedParameters: 0 0 0

#Transform 78
Transform: AffineTransform_float_3_3
Parameters: 0.999999 0.00122741 0.000403786 -0.00122759 0.999998 0.00145451 -0.000402215 -0.00145449 0.999999 -0.00687206 -0.0631463 -0.0349242
FixedParameters: 0 0 0

#Transform 79
Transform: AffineTransform_float_3_3
Parameters: 0.999999 0.00128667 0.000343221 -0.00128732 0.999998 0.000948559 -0.000341778 -0.000949441 1 -0.00578317 0.0121511 0.00905163
FixedParameters: 0 0 0

#Transform 80
Transform: AffineTransform_float_3_3
Parameters: 0.999999 0.00121481 0.000246949 -0.00121519 0.999999 0.0007807 -0.000246051 -0.000781299 0.999999 -0.00506219 -0.0119345 -0.0632318
FixedParameters: 0 0 0

#Transform 81
Transform: AffineTransform_float_3_3
Parameters: 1 0.000676026 7.67681e-05 -0.000675973 0.999999 -0.000343052 -7.72318e-05 0.000342948 1 0.0283261 0.0872158 -0.078897
FixedParameters: 0 0 0

#Transform 82
Transform: AffineTransform_float_3_3
Parameters: 1 0.000534231 0.000245498 -0.000534769 1 -0.000940132 -0.000246503 0.000939869 1 0.0597866 0.0204775 -0.169891
FixedParameters: 0 0 0

#Transform 83
Transform: AffineTransform_float_3_3
Parameters: 1 0.00041238 0.000245363 -0.000411619 0.999998 -0.0015461 -0.000246637 0.0015459 0.999999 0.0615562 0.0636638 -0.153807
FixedParameters: 0 0 0

#Transform 84
Transform: AffineTransform_float_3_3
Parameters: 1 0.000675943 -2.74195e-05 -0.000676057 0.999997 -0.00209998 2.65803e-05 0.00210002 0.999998 0.0597988 0.0421247 -0.206119
FixedParameters: 0 0 0

#Transform 85
Transform: AffineTransform_float_3_3
Parameters: 0.999999 0.000674233 -0.000656818 -0.000675767 0.999996 -0.00269256 0.000655182 0.00269344 0.999996 0.0707597 0.0557252 -0.271008
FixedParameters: 0 0 0

#Transform 86
Transform: AffineTransform_float_3_3
Parameters: 0.999999 0.000673791 -0.000609451 -0.000676211 0.999993 -0.00363159 0.000607548 0.00363241 0.999993 0.0772158 0.185185 -0.209079
FixedParameters: 0 0 0

#Transform 87
Transform: AffineTransform_float_3_3
Parameters: 0.999999 0.000675239 -0.000263954 -0.00067576 0.999995 -0.00289282 0.000262046 0.00289318 0.999996 0.0766321 -0.0227103 -0.243988
FixedParameters: 0 0 0

#Transform 88
Transform: AffineTransform_float_3_3
Parameters: 0.999999 0.00067516 -0.000264156 -0.000675839 0.999994 -0.00319082 0.000261845 0.00319118 0.999995 0.0767656 0.139238 -0.190364
FixedParameters: 0 0 0

#Transform 89
Transform: AffineTransform_float_3_3
Parameters: 1 0.0004822 -0.00026347 -0.000482799 0.999995 -0.00304488 0.000261531 0.00304513 0.999996 0.0882293 0.0124474 -0.26254
FixedParameters: 0 0 0

#Transform 90
Transform: AffineTransform_float_3_3
Parameters: 1 0.000285516 -0.000424003 -0.000287484 0.999994 -0.00350388 0.000422995 0.00350312 0.999994 0.0948654 0.146436 -0.237583
FixedParameters: 0 0 0

#Transform 91
Transform: AffineTransform_float_3_3
Parameters: 1 0.000607047 -0.000264202 -0.000607953 0.999993 -0.00362384 0.000261798 0.00362416 0.999994 0.0875727 0.0187424 -0.271136
FixedParameters: 0 0 0

#Transform 92
Transform: AffineTransform_float_3_3
Parameters: 1 0.000288987 -0.000259134 -0.000290012 0.999993 -0.00391693 0.000257866 0.00391708 0.999993 0.0999438 0.172459 -0.188323
FixedParameters: 0 0 0

#Transform 93
Transform: AffineTransform_float_3_3
Parameters: 1 0.000261663 0.000207166 -0.000261338 0.999995 -0.00319305 -0.000207835 0.00319294 0.999995 0.105496 -0.0055392 -0.109835
FixedParameters: 0 0 0

#Transform 94
Transform: AffineTransform_float_3_3
Parameters: 1 0.000261863 0.000290224 -0.000261135 0.999995 -0.00296907 -0.000291777 0.00296992 0.999995 0.0780144 0.0364761 -0.120197
FixedParameters: 0 0 0

#Transform 95
Transform: AffineTransform_float_3_3
Parameters: 1 0.000611274 0.000780224 -0.000608727 0.999995 -0.00291148 -0.000781776 0.00291052 0.999996 0.0618594 0.0874759 0.0141395
FixedParameters: 0 0 0

#Transform 96
Transform: AffineTransform_float_3_3
Parameters: 0.999999 0.00114263 0.000950849 -0.00114037 0.999996 -0.00276109 -0.000954151 0.00275991 0.999995 0.0172422 -0.0561415 -0.0691321
FixedParameters: 0 0 0

#Transform 97
Transform: AffineTransform_float_3_3
Parameters: 0.999999 0.00105869 0.00104427 -0.00105431 0.99999 -0.00448311 -0.00104874 0.0044819 0.99999 0.0263444 0.0787386 -0.179919
FixedParameters: 0 0 0

#Transform 98
Transform: AffineTransform_float_3_3
Parameters: 0.999998 0.00130753 0.000953825 -0.00130247 0.999988 -0.00473125 -0.000960172 0.00472975 0.999989 0.0221356 0.0871195 -0.169364
FixedParameters: 0 0 0

#Transform 99
Transform: AffineTransform_float_3_3
Parameters: 0.999998 0.00136615 0.000894701 -0.00136185 0.999989 -0.00461823 -0.000901297 0.00461678 0.999989 0.0241709 0.0334739 -0.184916
FixedParameters: 0 0 0

#Transform 100
Transform: AffineTransform_float_3_3
Parameters: 1 0.00103904 0.000396687 -0.00103696 0.999987 -0.00511842 -0.000401312 0.00511759 0.999987 0.0559355 0.0810493 -0.18604
FixedParameters: 0 0 0

#Transform 101
Transform: AffineTransform_float_3_3
Parameters: 0.999999 0.000610277 0.000429784 -0.000607721 0.999986 -0.00527926 -0.000433214 0.00527874 0.999986 0.0739656 0.0955302 -0.200513
FixedParameters: 0 0 0

#Transform 102
Transform: AffineTransform_float_3_3
Parameters: 1 0.000623717 0.000325733 -0.000622281 0.999986 -0.00524521 -0.000329268 0.0052448 0.999986 0.0810339 0.0406694 -0.236481
FixedParameters: 0 0 0

#Transform 103
Transform: AffineTransform_float_3_3
Parameters: 0.999999 0.000721129 0.000355715 -0.000718869 0.999982 -0.00595026 -0.000360284 0.00595074 0.999982 0.0853423 0.141651 -0.258575
FixedParameters: 0 0 0

#Transform 104
Transform: AffineTransform_float_3_3
Parameters: 0.999999 0.000794271 0.000211278 -0.00079273 0.999982 -0.00595017 -0.000215721 0.00595083 0.999983 0.0810695 0.035815 -0.320779
FixedParameters: 0 0 0

#Transform 105
Transform: AffineTransform_float_3_3
Parameters: 0.999998 0.00226418 -0.000533115 -0.00226682 0.999983 -0.0053468 0.000520885 0.00534819 0.999985 -0.0435441 0.00538233 -0.301432
FixedParameters: 0 0 0

#Transform 106
Transform: AffineTransform_float_3_3
Parameters: 0.999997 0.00216176 -0.000428436 -0.00216424 0.999983 -0.00528708 0.000417562 0.00528791 0.999986 -0.0608024 -0.0431672 -0.210859
FixedParameters: 0 0 0

#Transform 107
Transform: AffineTransform_float_3_3
Parameters: 0.999997 0.00256524 -0.000890902 -0.00256876 0.999987 -0.00424572 0.000880101 0.00424727 0.99999 -0.0844939 0.0275544 -0.127867
FixedParameters: 0 0 0

#Transform 108
Transform: AffineTransform_float_3_3
Parameters: 0.999995 0.00281342 -0.00130392 -0.00281758 0.99999 -0.00352234 0.00129408 0.00352666 0.999993 -0.0787543 0.00120376 -0.12322
FixedParameters: 0 0 0

#Transform 109
Transform: AffineTransform_float_3_3
Parameters: 0.999996 0.00272093 -0.00139391 -0.00272707 0.999986 -0.00437122 0.00138209 0.00437478 0.999989 -0.0730675 0.0684369 -0.159539
FixedParameters: 0 0 0

#Transform 110
Transform: AffineTransform_float_3_3
Parameters: 0.999996 0.00275797 -0.00134146 -0.00276403 0.999986 -0.00451231 0.00132953 0.00451669 0.999989 -0.0706332 0.00438994 -0.184529
FixedParameters: 0 0 0

#Transform 111
Transform: AffineTransform_float_3_3
Parameters: 0.999995 0.00276899 -0.00155752 -0.002776 0.999986 -0.0045137 0.00154448 0.0045183 0.999988 -0.0621843 0.0101061 -0.21452
FixedParameters: 0 0 0

#Transform 112
Transform: AffineTransform_float_3_3
Parameters: 0.999997 0.00227798 -0.00149926 -0.00228602 0.999983 -0.00537059 0.00148674 0.00537341 0.999985 -0.032567 0.0858733 -0.244321
FixedParameters: 0 0 0

#Transform 113
Transform: AffineTransform_float_3_3
Parameters: 0.999997 0.0021569 -0.00130084 -0.0021641 0.999982 -0.0054812 0.00128915 0.0054838 0.999984 -0.018942 0.105167 -0.245343
FixedParameters: 0 0 0

#Transform 114
Transform: AffineTransform_float_3_3
Parameters: 0.999999 0.00170673 -0.000649324 -0.00171127 0.999976 -0.0066259 0.000638674 0.0066271 0.999978 0.0193608 0.277204 -0.144692
FixedParameters: 0 0 0

#Transform 115
Transform: AffineTransform_float_3_3
Parameters: 0.999999 0.00130565 0.000117002 -0.00130435 0.999985 -0.00536115 -0.000123996 0.00536184 0.999985 0.0483666 -0.130068 -0.293279
FixedParameters: 0 0 0

#Transform 116
Transform: AffineTransform_float_3_3
Parameters: 1 0.0011536 -0.000359794 -0.0011554 0.999976 -0.00674859 0.00035221 0.00674941 0.999977 0.0581492 0.135924 -0.324588
FixedParameters: 0 0 0

#Transform 117
Transform: AffineTransform_float_3_3
Parameters: 0.999999 0.000751405 -0.000413748 -0.00075359 0.99998 -0.00630769 0.000408254 0.00630831 0.99998 0.0832024 0.071115 -0.320341
FixedParameters: 0 0 0

#Transform 118
Transform: AffineTransform_float_3_3
Parameters: 0.999999 0.000585672 -0.000485047 -0.000589328 0.999976 -0.00688972 0.000480951 0.00689029 0.999976 0.103823 0.131721 -0.404435
FixedParameters: 0 0 0

#Transform 119
Transform: AffineTransform_float_3_3
Parameters: 0.999999 0.00076229 -0.000540272 -0.000765707 0.999976 -0.00689859 0.00053473 0.00689941 0.999976 0.102486 0.112206 -0.371829
FixedParameters: 0 0 0

#Transform 120
Transform: AffineTransform_float_3_3
Parameters: 0.999999 0.000584851 -0.000581205 -0.000589147 0.999974 -0.00716366 0.000576794 0.00716434 0.999974 0.106061 0.140903 -0.387778
FixedParameters: 0 0 0

#Transform 121
Transform: AffineTransform_float_3_3
Parameters: 0.999999 0.00058554 -0.00048124 -0.000589457 0.999974 -0.00721972 0.000476756 0.00722028 0.999974 0.119017 0.10823 -0.381004
FixedParameters: 0 0 0

#Transform 122
Transform: AffineTransform_float_3_3
Parameters: 0.999999 0.00058596 -0.000397518 -0.000589043 0.999971 -0.00768977 0.000393482 0.00769024 0.999971 0.120215 0.129231 -0.428175
FixedParameters: 0 0 0

#Transform 123
Transform: AffineTransform_float_3_3
Parameters: 0.999999 0.000585392 -0.000476467 -0.000589604 0.999971 -0.00760672 0.000471528 0.00760728 0.999971 0.139355 0.116958 -0.37569
FixedParameters: 0 0 0

#Transform 124
Transform: AffineTransform_float_3_3
Parameters: 0.999999 0.000584273 -0.000626442 -0.000589724 0.999971 -0.00757264 0.000621552 0.00757237 0.999971 0.142742 0.0761656 -0.46633
FixedParameters: 0 0 0

#Transform 125
Transform: AffineTransform_float_3_3
Parameters: 0.999999 0.000333122 -0.000738679 -0.000339873 0.999968 -0.00797175 0.000735314 0.00797125 0.999968 0.149021 0.126007 -0.471253
FixedParameters: 0 0 0

#Transform 126
Transform: AffineTransform_float_3_3
Parameters: 0.999999 0.00058318 -0.000705848 -0.00058982 0.999965 -0.00827258 0.000701144 0.00827341 0.999965 0.144613 0.154115 -0.447945
FixedParameters: 0 0 0

#Transform 127
Transform: AffineTransform_float_3_3
Parameters: 1 0.000581376 -0.000984542 -0.000589619 0.999969 -0.00776043 0.000979454 0.00776158 0.99997 0.151056 0.180087 -0.423615
FixedParameters: 0 0 0

#Transform 128
Transform: AffineTransform_float_3_3
Parameters: 1 0.000581227 -0.00106627 -0.00058977 0.999973 -0.00730338 0.00106172 0.00730462 0.999973 0.152952 0.0616091 -0.427766
FixedParameters: 0 0 0

#Transform 129
Transform: AffineTransform_float_3_3
Parameters: 0.999999 0.000186907 -0.00095721 -0.000193092 0.999979 -0.00636982 0.000955789 0.00636918 0.99998 0.184831 0.285557 -0.349928
FixedParameters: 0 0 0

#Transform 130
Transform: AffineTransform_float_3_3
Parameters: 0.999999 -0.000184305 0.000759659 0.000187696 0.999993 -0.00354886 -0.000759339 0.00354914 0.999994 0.157949 -0.0283062 -0.152613
FixedParameters: 0 0 0

#Transform 131
Transform: AffineTransform_float_3_3
Parameters: 0.999999 -0.000104785 0.00151415 0.000107215 0.999999 -0.00146284 -0.00151384 0.00146316 0.999998 0.0963309 -0.148353 -0.0149619
FixedParameters: 0 0 0

#Transform 132
Transform: AffineTransform_float_3_3
Parameters: 0.999999 0.000745106 0.00116402 -0.000741895 0.999996 -0.00266587 -0.00116598 0.00266513 0.999996 0.0653971 0.0304381 -0.0892116
FixedParameters: 0 0 0

#Transform 133
Transform: AffineTransform_float_3_3
Parameters: 0.999999 0.000240905 0.00101508 -0.000237094 0.999992 -0.00384624 -0.00101592 0.00384576 0.999992 0.123976 0.131788 -0.179721
FixedParameters: 0 0 0

#Transform 134
Transform: AffineTransform_float_3_3
Parameters: 0.999999 -0.000310761 0.000928769 0.00031624 0.999984 -0.00564571 -0.000927228 0.00564629 0.999983 0.181081 0.127612 -0.324844
FixedParameters: 0 0 0

#Transform 135
Transform: AffineTransform_float_3_3
Parameters: 1 -0.000504858 0.00111381 0.000511143 0.999984 -0.00552143 -0.0011112 0.00552156 0.999984 0.190767 0.11494 -0.293571
FixedParameters: 0 0 0

#Transform 136
Transform: AffineTransform_float_3_3
Parameters: 0.999999 -0.000390053 0.00133764 0.00039895 0.999977 -0.00669547 -0.00133536 0.00669552 0.999976 0.191476 0.0489146 -0.425255
FixedParameters: 0 0 0

#Transform 137
Transform: AffineTransform_float_3_3
Parameters: 1 -0.000445763 0.000835359 0.000451235 0.999972 -0.00748162 -0.000831648 0.00748137 0.999971 0.203737 0.140771 -0.416154
FixedParameters: 0 0 0

#Transform 138
Transform: AffineTransform_float_3_3
Parameters: 1 -0.000296228 0.00102827 0.000304779 0.999972 -0.00756769 -0.00102672 0.00756731 0.999971 0.201313 0.108287 -0.466735
FixedParameters: 0 0 0

#Transform 139
Transform: AffineTransform_float_3_3
Parameters: 0.999999 -0.000330583 0.000748416 0.00033642 0.999973 -0.00724875 -0.000746581 0.00724925 0.999974 0.187268 0.220267 -0.314324
FixedParameters: 0 0 0

#Transform 140
Transform: AffineTransform_float_3_3
Parameters: 0.999999 -0.000213883 0.00123961 0.000222112 0.999973 -0.00735873 -0.0012374 0.00735927 0.999972 0.180318 -0.0252822 -0.436365
FixedParameters: 0 0 0

#Transform 141
Transform: AffineTransform_float_3_3
Parameters: 0.999999 -2.4656e-05 0.00138825 3.53501e-05 0.999966 -0.00817195 -0.00138876 0.00817204 0.999965 0.184906 0.172349 -0.48443
FixedParameters: 0 0 0

#Transform 142
Transform: AffineTransform_float_3_3
Parameters: 0.999999 6.14532e-05 0.000888516 -5.45426e-05 0.999965 -0.00838605 -0.000889489 0.00838595 0.999965 0.195049 0.175785 -0.440199
FixedParameters: 0 0 0

#Transform 143
Transform: AffineTransform_float_3_3
Parameters: 0.999999 -0.000135377 0.000993068 0.000142622 0.999971 -0.00767987 -0.000991933 0.00768014 0.99997 0.202349 0.0724487 -0.487074
FixedParameters: 0 0 0

#Transform 144
Transform: AffineTransform_float_3_3
Parameters: 1 -1.53904e-05 0.000584139 1.96163e-05 0.999969 -0.00789199 -0.000584863 0.00789201 0.999968 0.203139 0.148426 -0.455163
FixedParameters: 0 0 0

#Transform 145
Transform: AffineTransform_float_3_3
Parameters: 0.999999 -0.000130945 0.000869092 0.000138055 0.999967 -0.00812388 -0.000867907 0.00812311 0.999966 0.195417 0.141356 -0.490397
FixedParameters: 0 0 0

#Transform 146
Transform: AffineTransform_float_3_3
Parameters: 0.999999 -4.67723e-05 0.000738421 5.32325e-05 0.999965 -0.00843597 -0.000738577 0.00843604 0.999964 0.200004 0.122457 -0.511452
FixedParameters: 0 0 0

#Transform 147
Transform: AffineTransform_float_3_3
Parameters: 1 3.60443e-05 0.000233694 -3.3953e-05 0.999962 -0.008742 -0.000234306 0.00874199 0.999962 0.20092 0.175478 -0.512829
FixedParameters: 0 0 0

#Transform 148
Transform: AffineTransform_float_3_3
Parameters: 1 0.000170692 0.000560593 -0.000166305 0.999965 -0.00835909 -0.00056241 0.00835891 0.999965 0.192486 0.10628 -0.505427
FixedParameters: 0 0 0

#Transform 149
Transform: AffineTransform_float_3_3
Parameters: 1 7.51669e-05 0.000376381 -7.18363e-05 0.999964 -0.00840702 -0.000376617 0.00840697 0.999964 0.206524 0.191452 -0.473196
FixedParameters: 0 0 0

#Transform 150
Transform: AffineTransform_float_3_3
Parameters: 1 3.28755e-06 0.000396986 2.87659e-07 0.999965 -0.008281 -0.000397011 0.00828099 0.999965 0.207162 0.113446 -0.491457
FixedParameters: 0 0 0

#Transform 151
Transform: AffineTransform_float_3_3
Parameters: 1 9.38825e-05 0.000345229 -9.11194e-05 0.999965 -0.00834004 -0.000345772 0.00833997 0.999965 0.214041 0.145267 -0.487045
FixedParameters: 0 0 0

#Transform 152
Transform: AffineTransform_float_3_3
Parameters: 1 2.66128e-05 0.000316791 -2.43854e-05 0.999966 -0.00824501 -0.000317212 0.00824499 0.999966 0.212617 0.172955 -0.489889
FixedParameters: 0 0 0

#Transform 153
Transform: AffineTransform_float_3_3
Parameters: 1 2.17029e-05 0.000205828 -2.02956e-05 0.999966 -0.00827 -0.000206175 0.00826999 0.999966 0.211192 0.11137 -0.519242
FixedParameters: 0 0 0

#Transform 154
Transform: AffineTransform_float_3_3
Parameters: 1 3.28316e-05 -1.92895e-05 -3.31747e-05 0.999962 -0.008796 1.9709e-05 0.00879601 0.999962 0.225005 0.200533 -0.509288
FixedParameters: 0 0 0

#Transform 155
Transform: AffineTransform_float_3_3
Parameters: 1 -0.00015079 0.000265269 0.000153208 0.999965 -0.00835196 -0.00026373 0.00835204 0.999965 0.229109 0.151873 -0.48913
FixedParameters: 0 0 0

#Transform 156
Transform: AffineTransform_float_3_3
Parameters: 1 2.19183e-05 0.000226823 -2.00802e-05 0.999965 -0.00845401 -0.000227178 0.008454 0.999964 0.227342 0.148121 -0.49614
FixedParameters: 0 0 0

#Transform 157
Transform: AffineTransform_float_3_3
Parameters: 1 4.46363e-05 0.000319643 -4.23607e-05 0.999966 -0.00824301 -0.00032036 0.00824299 0.999966 0.218458 0.210545 -0.565768
FixedParameters: 0 0 0

#Transform 158
Transform: AffineTransform_float_3_3
Parameters: 0.999999 -0.000336701 0.00120564 0.000345301 0.99997 -0.00772059 -0.00120337 0.00772142 0.99997 0.210598 0.138689 -0.42256
FixedParameters: 0 0 0

#Transform 159
Transform: AffineTransform_float_3_3
Parameters: 0.999997 -0.000387527 0.00213755 0.000396469 0.999992 -0.00396416 -0.00213544 0.00396584 0.99999 0.238548 -0.00498634 0.0286206
FixedParameters: 0 0 0

#Transform 160
Transform: AffineTransform_float_3_3
Parameters: 0.999998 -0.000388372 0.00164191 0.000387627 1 0.000227637 -0.00164209 -0.000226362 0.999998 0.234599 -0.158414 0.292031
FixedParameters: 0 0 0

#Transform 161
Transform: AffineTransform_float_3_3
Parameters: 0.999999 -0.000503287 0.000721498 0.000503714 1 -0.000988638 -0.000721502 0.000989364 1 0.261206 0.0998276 0.209021
FixedParameters: 0 0 0

#Transform 162
Transform: AffineTransform_float_3_3
Parameters: 0.999999 -0.000405903 0.000587759 0.000406097 0.999998 -0.00186676 -0.000587243 0.00186724 0.999998 0.240646 0.120966 0.296726
FixedParameters: 0 0 0

#Transform 163
Transform: AffineTransform_float_3_3
Parameters: 0.999999 2.15656e-05 0.00134498 -1.94344e-05 1 -0.00116403 -0.00134502 0.00116397 0.999999 0.217138 -0.130414 0.0437719
FixedParameters: 0 0 0

#Transform 164
Transform: AffineTransform_float_3_3
Parameters: 0.999999 -0.000404844 0.000696673 0.000406154 0.999998 -0.00165872 -0.000695327 0.00165928 0.999999 0.269862 0.214304 -0.016271
FixedParameters: 0 0 0

#Transform 165
Transform: AffineTransform_float_3_3
Parameters: 0.999999 4.14791e-05 0.00134987 -3.75205e-05 0.999995 -0.00331805 -0.00135013 0.00331795 0.999993 0.234255 0.0182967 -0.105214
FixedParameters: 0 0 0

#Transform 166
Transform: AffineTransform_float_3_3
Parameters: 1 0.00011292 0.00121255 -0.000108078 0.999992 -0.00405713 -0.00121345 0.00405687 0.999991 0.248583 0.111953 0.000286049
FixedParameters: 0 0 0

#Transform 167
Transform: AffineTransform_float_3_3
Parameters: 0.999999 2.67529e-05 0.00142686 -1.82462e-05 0.999981 -0.00613403 -0.00142714 0.00613397 0.99998 0.244892 0.0273897 -0.0576628
FixedParameters: 0 0 0

#Transform 168
Transform: AffineTransform_float_3_3
Parameters: 0.999999 0.000470658 0.000673458 -0.000467339 0.999985 -0.00542132 -0.000676544 0.00542168 0.999985 0.231957 0.116442 -0.0952707
FixedParameters: 0 0 0

#Transform 169
Transform: AffineTransform_float_3_3
Parameters: 1 0.000471295 0.000381179 -0.000468705 0.999982 -0.00600018 -0.000383819 0.00599982 0.999982 0.251041 0.149076 -0.111937
FixedParameters: 0 0 0

#Transform 170
Transform: AffineTransform_float_3_3
Parameters: 0.999999 0.000530854 0.000654895 -0.000527145 0.999982 -0.00587135 -0.000658106 0.00587065 0.999983 0.273143 0.0937553 -0.169663
FixedParameters: 0 0 0

#Transform 171
Transform: AffineTransform_float_3_3
Parameters: 1 0.000597415 0.000340801 -0.000595583 0.999975 -0.00704321 -0.000345203 0.0070428 0.999975 0.28902 0.251617 -0.109553
FixedParameters: 0 0 0

#Transform 172
Transform: AffineTransform_float_3_3
Parameters: 1 -4.69552e-05 0.000433341 5.00424e-05 0.999976 -0.00702898 -0.000432659 0.00702902 0.999975 0.305078 0.0705091 -0.218084
FixedParameters: 0 0 0

#Transform 173
Transform: AffineTransform_float_3_3
Parameters: 1 4.5601e-05 0.000579657 -4.03962e-05 0.999968 -0.00793502 -0.000580339 0.00793497 0.999969 0.321451 0.215509 -0.210481
FixedParameters: 0 0 0

#Transform 174
Transform: AffineTransform_float_3_3
Parameters: 1 0.000111873 0.000440034 -0.000108128 0.999962 -0.00879105 -0.000440968 0.00879096 0.999962 0.323612 0.113694 -0.294248
FixedParameters: 0 0 0

#Transform 175
Transform: AffineTransform_float_3_3
Parameters: 1 0.000353845 0.000389542 -0.000350151 0.999951 -0.00982613 -0.000393459 0.00982586 0.999951 0.328087 0.307534 -0.242912
FixedParameters: 0 0 0

#Transform 176
Transform: AffineTransform_float_3_3
Parameters: 0.999999 0.000115135 0.000789993 -0.000107865 0.99996 -0.00902609 -0.000791006 0.00902591 0.999959 0.334157 0.0985947 -0.27814
FixedParameters: 0 0 0

#Transform 177
Transform: AffineTransform_float_3_3
Parameters: 1 0.000188584 0.000556137 -0.000182417 0.999949 -0.0100241 -0.000557856 0.0100239 0.999949 0.357104 0.267359 -0.240796
FixedParameters: 0 0 0

#Transform 178
Transform: AffineTransform_float_3_3
Parameters: 0.999999 0.000115577 0.000789928 -0.000108422 0.999954 -0.00958609 -0.000791075 0.00958591 0.999953 0.352824 0.11003 -0.239768
FixedParameters: 0 0 0

#Transform 179
Transform: AffineTransform_float_3_3
Parameters: 1 0.000112074 0.000353735 -0.000107934 0.999934 -0.011497 -0.000354264 0.011497 0.999934 0.359499 0.126612 -0.423209
FixedParameters: 0 0 0

#Transform 180
Transform: AffineTransform_float_3_3
Parameters: 1 0.000110164 0.000210883 -0.000107834 0.999947 -0.010236 -0.000212115 0.010236 0.999947 0.361663 0.245164 -0.331995
FixedParameters: 0 0 0

#Transform 181
Transform: AffineTransform_float_3_3
Parameters: 1 0.000109217 0.000132003 -0.000107783 0.999958 -0.00918301 -0.000132995 0.00918298 0.999958 0.367805 0.0952319 -0.391649
FixedParameters: 0 0 0

#Transform 182
Transform: AffineTransform_float_3_3
Parameters: 1 1.56022e-05 -0.00014216 -1.73962e-05 0.999951 -0.00983799 0.000141836 0.00983799 0.999951 0.375473 0.229298 -0.392371
FixedParameters: 0 0 0

#Transform 183
Transform: AffineTransform_float_3_3
Parameters: 1 -2.21509e-05 0.000295228 2.58469e-05 0.999954 -0.009654 -0.000294764 0.00965401 0.999954 0.386397 0.144867 -0.434678
FixedParameters: 0 0 0

#Transform 184
Transform: AffineTransform_float_3_3
Parameters: 1 -0.000316138 -0.000110803 0.000314859 0.999948 -0.010129 0.000114195 0.010129 0.999948 0.41559 0.249581 -0.400037
FixedParameters: 0 0 0

#Transform 185
Transform: AffineTransform_float_3_3
Parameters: 1 -0.00023647 -0.000147672 0.000234537 0.999951 -0.00987704 0.000149324 0.00987697 0.999951 0.411344 0.0998297 -0.485061
FixedParameters: 0 0 0

#Transform 186
Transform: AffineTransform_float_3_3
Parameters: 1 -0.000344152 -0.000303462 0.000340853 0.999946 -0.0103261 0.000306536 0.0103259 0.999946 0.418285 0.179902 -0.530974
FixedParameters: 0 0 0

#Transform 187
Transform: AffineTransform_float_3_3
Parameters: 1 -0.000137089 -0.000631917 0.00013191 0.999967 -0.00804709 0.000633082 0.00804692 0.999968 0.369192 0.138467 -0.348723
FixedParameters: 0 0 0

#Transform 188
Transform: AffineTransform_float_3_3
Parameters: 1 0.000905011 -0.000764942 -0.000909989 0.999978 -0.00654631 0.000759059 0.00654769 0.999979 0.294873 0.0422688 -0.350718
FixedParameters: 0 0 0

#Transform 189
Transform: AffineTransform_float_3_3
Parameters: 1 0.000800145 -0.000812809 -0.000804857 0.999981 -0.00599135 0.000808192 0.00599165 0.999981 0.297582 0.147289 -0.292775
FixedParameters: 0 0 0

#Transform 190
Transform: AffineTransform_float_3_3
