#Insight Transform File V1.0
#Transform 0
Transform: AffineTransform_float_3_3
Parameters: 1 0.000398 1.11042e-07 -0.000398 1 0.000279 1.11042e-07 -0.000279 1 0.00744132 -0.0737709 -0.0602205
FixedParameters: 0 0 0

#Transform 1
Transform: AffineTransform_float_3_3
Parameters: 1 0.000636 2.14332e-07 -0.000636 0.999999 0.000337 2.14332e-07 -0.000337 1 -0.0164614 -0.0569238 -0.0745493
FixedParameters: 0 0 0

#Transform 2
Transform: AffineTransform_float_3_3
Parameters: 1 0.000575 3.19125e-07 -0.000575 0.999999 0.000555 3.19125e-07 -0.000555 1 -0.0148449 -0.0582215 -0.0738411
FixedParameters: 0 0 0

#Transform 3
Transform: AffineTransform_float_3_3
Parameters: 1 0.00035 0 -0.00035 1 0 0 0 1 -0.0090361 -0.0300137 -0.083239
FixedParameters: 0 0 0

#Transform 4
Transform: AffineTransform_float_3_3
Parameters: 1 0.000243 9.2097e-08 -0.000243 1 0.000379 9.2097e-08 -0.000379 1 -0.00625695 -0.045748 -0.0438908
FixedParameters: 0 0 0

#Transform 5
Transform: AffineTransform_float_3_3
Parameters: 1 0.000493 -7.2e-05 -0.000493 1 3.5496e-08 7.2e-05 3.5496e-08 1 -0.00697132 0.00490628 -0.0643565
FixedParameters: 0 0 0

#Transform 6
Transform: AffineTransform_float_3_3
Parameters: 1 0.000243 -0.0004 -0.000243 1 9.72e-08 0.0004 9.72e-08 1 0.0279915 -0.0299515 -0.0642102
FixedParameters: 0 0 0

#Transform 7
Transform: AffineTransform_float_3_3
Parameters: 1 -0.000185 -0.000311 0.000185 1 -5.7535e-08 0.000311 -5.7535e-08 1 0.0345796 -0.0298013 -0.0400779
FixedParameters: 0 0 0

#Transform 8
Transform: AffineTransform_float_3_3
Parameters: 1 0.000242835 -0.000475084 -0.000243165 1 -0.000347884 0.000474915 0.000348115 1 0.0315049 -0.00227584 -0.0407625
FixedParameters: 0 0 0

#Transform 9
Transform: AffineTransform_float_3_3
Parameters: 1 -0.000191169 -0.000474932 0.000190831 1 -0.000355091 0.000475068 0.000354909 1 0.0426434 0.0173356 -0.04691
FixedParameters: 0 0 0

#Transform 10
Transform: AffineTransform_float_3_3
Parameters: 1 -0.000190848 -0.000475061 0.000191152 1 0.000319909 0.000474939 -0.000320091 1 0.0426374 -0.0459993 -0.004512
FixedParameters: 0 0 0

#Transform 11
Transform: AffineTransform_float_3_3
Parameters: 1 0.000182014 -0.000474994 -0.000181986 1 3.00864e-05 0.000475005 -2.99135e-05 1 0.0496038 -0.0286083 -0.0296887
FixedParameters: 0 0 0

#Transform 12
Transform: AffineTransform_float_3_3
Parameters: 1 -0.000204961 -0.000475017 0.000205039 1 8.29026e-05 0.000474983 -8.30974e-05 1 0.0389376 -0.0374205 -0.0106459
FixedParameters: 0 0 0

#Transform 13
Transform: AffineTransform_float_3_3
Parameters: 1 -0.000205001 -0.000474999 0.000204999 1 -2.09737e-06 0.000475 1.90262e-06 1 0.0429813 -0.0258696 -0.0128653
FixedParameters: 0 0 0

#Transform 14
Transform: AffineTransform_float_3_3
Parameters: 1 -0.000205 0.000126 0.000205 1 -1.97417e-06 -0.000126 1.02583e-06 1 -0.00473629 -0.0226373 -0.0130149
FixedParameters: 0 0 0

#Transform 15
Transform: AffineTransform_float_3_3
Parameters: 1 -0.000205 -0.000126 0.000205 1 -2.02583e-06 0.000126 1.97417e-06 1 0.0152772 -0.0158742 -0.0130468
FixedParameters: 0 0 0

#Transform 16
Transform: AffineTransform_float_3_3
Parameters: 1 -0.000205001 -1.29848e-05 0.000204999 1 -7.40027e-05 1.30152e-05 7.39973e-05 1 0.00628444 -0.010151 -0.0149767
FixedParameters: 0 0 0

#Transform 17
Transform: AffineTransform_float_3_3
Parameters: 1 -0.000205077 -0.000474967 0.000204923 1 -0.000161097 0.000475033 0.000161903 1 0.0429731 -0.00317287 -0.00535018
FixedParameters: 0 0 0

#Transform 18
Transform: AffineTransform_float_3_3
Parameters: 1 -0.000204973 0.000123045 0.000205027 1 -0.000218975 -0.000123955 0.000219025 1 -0.0148219 0.00142468 0.00588527
FixedParameters: 0 0 0

#Transform 19
Transform: AffineTransform_float_3_3
Parameters: 1 0.000351016 4.38705e-05 -0.000351984 1 -0.000369015 -4.31299e-05 0.000368985 1 -0.0124816 0.0326145 0.000881705
FixedParameters: 0 0 0

#Transform 20
Transform: AffineTransform_float_3_3
Parameters: 1 4.50556e-05 0.000133981 -4.49444e-05 1 -0.000415006 -0.000134019 0.000414994 1 -0.0118835 0.0377722 -0.00602644
FixedParameters: 0 0 0

#Transform 21
Transform: AffineTransform_float_3_3
Parameters: 1 0.000216921 0.000521033 -0.000217079 1 0.000150887 -0.000520967 -0.000151113 1 -0.0470043 -0.00526159 0.00979471
FixedParameters: 0 0 0

#Transform 22
Transform: AffineTransform_float_3_3
Parameters: 1 -0.000142983 0.000271009 0.000143017 1 -6.29612e-05 -0.000270991 6.30387e-05 1 -0.00168557 0.0119641 -0.0147594
FixedParameters: 0 0 0

#Transform 23
Transform: AffineTransform_float_3_3
Parameters: 1 0.000124001 8.09991e-05 -0.000123999 1 -7.01004e-06 -8.10009e-05 6.98996e-06 1 0.00825033 -0.0185731 -0.0131751
FixedParameters: 0 0 0

#Transform 24
Transform: AffineTransform_float_3_3
Parameters: 1 -0.000148996 7.70073e-05 0.000149004 1 -4.89885e-05 -7.69927e-05 4.90115e-05 1 0.0143167 -0.0151669 -0.000445185
FixedParameters: 0 0 0

#Transform 25
Transform: AffineTransform_float_3_3
Parameters: 1 -0.000371999 2.90078e-05 0.000372001 1 -2.09892e-05 -2.89922e-05 2.10108e-05 1 0.0073047 0.000641647 0.00136642
FixedParameters: 0 0 0

#Transform 26
Transform: AffineTransform_float_3_3
Parameters: 1 -0.000191046 0.000270967 0.000190954 1 0.000171052 -0.000271033 -0.000170948 1 -0.0165918 0.0151279 0.00829963
FixedParameters: 0 0 0

#Transform 27
Transform: AffineTransform_float_3_3
Parameters: 1 -0.000190986 -0.00026201 0.000191014 1 5.295e-05 0.00026199 -5.305e-05 1 0.0257295 0.0245543 0.000647627
FixedParameters: 0 0 0

#Transform 28
Transform: AffineTransform_float_3_3
Parameters: 1 -0.000191 6.98625e-06 0.000190999 1 7.20013e-05 -7.01375e-06 -7.19987e-05 1 0.00437213 0.00109446 0.00501615
FixedParameters: 0 0 0

#Transform 29
Transform: AffineTransform_float_3_3
Parameters: 1 -0.000191006 0.000193994 0.000190994 1 2.90371e-05 -0.000194006 -2.89629e-05 1 -0.0104472 -2.63514e-06 0.0118516
FixedParameters: 0 0 0

#Transform 30
Transform: AffineTransform_float_3_3
Parameters: 1 0.000405942 0.000194121 -0.000406058 1 0.000297921 -0.000193879 -0.000298079 1 -0.0259015 -0.0116097 0.019232
FixedParameters: 0 0 0

#Transform 31
Transform: AffineTransform_float_3_3
Parameters: 0.999982 -0.00609872 0.000134578 0.00609828 0.99997 0.00482491 -0.000164424 -0.00482409 0.999989 0.242229 -0.0869538 -1.43855
FixedParameters: 0 0 0

#Transform 32
Transform: AffineTransform_float_3_3
Parameters: 0.999805 -0.0196965 -0.00104642 0.0197075 0.999729 0.0124458 0.000801579 -0.0124642 0.999922 0.894035 -0.487172 -5.07279
FixedParameters: 0 0 0

#Transform 33
Transform: AffineTransform_float_3_3
Parameters: 0.999984 -0.00552745 0.000655434 0.00552253 0.999963 0.00661972 -0.000692558 -0.00661527 0.999978 0.134295 -0.702239 -2.02808
FixedParameters: 0 0 0

#Transform 34
Transform: AffineTransform_float_3_3
Parameters: 0.999988 -0.00249085 0.00420639 0.00251515 0.999981 -0.00574549 -0.0041926 0.00575651 0.999974 -0.163842 0.379472 -1.27252
FixedParameters: 0 0 0

#Transform 35
Transform: AffineTransform_float_3_3
Parameters: 0.99999 -0.00223516 0.00381824 0.00226084 0.999974 -0.00677543 -0.00380376 0.00678456 0.99997 -0.0978166 0.535916 -1.37455
FixedParameters: 0 0 0

#Transform 36
Transform: AffineTransform_float_3_3
Parameters: 0.999991 -0.0022686 0.00340503 0.0022904 0.999975 -0.00658925 -0.00338997 0.00659674 0.999972 -0.0734507 0.515842 -1.2525
FixedParameters: 0 0 0

#Transform 37
Transform: AffineTransform_float_3_3
Parameters: 0.999992 -0.00219542 0.00335156 0.00221858 0.999972 -0.00704862 -0.00333544 0.00705537 0.999969 -0.0557308 0.57638 -1.19758
FixedParameters: 0 0 0

#Transform 38
Transform: AffineTransform_float_3_3
Parameters: 0.99999 -0.00204649 0.00381787 0.0020735 0.999972 -0.00721415 -0.00380313 0.00722185 0.999966 -0.0811435 0.563936 -1.17141
FixedParameters: 0 0 0

#Transform 39
Transform: AffineTransform_float_3_3
Parameters: 0.999992 -0.0021156 0.00335813 0.00214039 0.999969 -0.00757687 -0.00334187 0.00758413 0.999965 -0.0183444 0.580863 -1.09007
FixedParameters: 0 0 0

#Transform 40
Transform: AffineTransform_float_3_3
Parameters: 0.999992 -0.00210388 0.00335914 0.00213112 0.999965 -0.0080899 -0.00334186 0.00809709 0.999961 -0.0204708 0.619852 -1.00934
FixedParameters: 0 0 0

#Transform 41
Transform: AffineTransform_float_3_3
Parameters: 0.999993 -0.0020465 0.00335891 0.0020735 0.999964 -0.0082051 -0.00334109 0.0082119 0.99996 -0.021981 0.651155 -1.02172
FixedParameters: 0 0 0

#Transform 42
Transform: AffineTransform_float_3_3
Parameters: 0.99999 -0.00204347 0.00398082 0.00207353 0.999969 -0.00768082 -0.00396518 0.00768918 0.999962 -0.069184 0.586834 -1.00402
FixedParameters: 0 0 0

#Transform 43
Transform: AffineTransform_float_3_3
Parameters: 0.999991 -0.00204551 0.00356151 0.00207349 0.999965 -0.00801468 -0.00354549 0.00802131 0.999961 -0.0354537 0.632308 -1.01986
FixedParameters: 0 0 0

#Transform 44
Transform: AffineTransform_float_3_3
Parameters: 0.999991 -0.00204696 0.00356566 0.00207404 0.999969 -0.00759567 -0.00355034 0.00760233 0.999965 -0.0340449 0.609471 -0.984331
FixedParameters: 0 0 0

#Transform 45
Transform: AffineTransform_float_3_3
Parameters: 0.999993 -0.00204949 0.00335708 0.00207351 0.999971 -0.00731309 -0.00334192 0.0073199 0.999967 -0.00255885 0.591427 -0.902298
FixedParameters: 0 0 0

#Transform 46
Transform: AffineTransform_float_3_3
Parameters: 0.999989 -0.00246647 0.00397087 0.00249454 0.999971 -0.00719717 -0.00395314 0.00720683 0.999966 -0.0348217 0.577259 -0.89065
FixedParameters: 0 0 0

#Transform 47
Transform: AffineTransform_float_3_3
Parameters: 0.99999 -0.00224789 0.00404687 0.00227811 0.999969 -0.00744986 -0.00403013 0.00745914 0.999964 -0.0510986 0.604071 -0.883206
FixedParameters: 0 0 0

#Transform 48
Transform: AffineTransform_float_3_3
Parameters: 0.99999 -0.00222589 0.00369486 0.00225212 0.999973 -0.00707875 -0.00367914 0.00708626 0.999968 -0.0213846 0.567672 -0.88606
FixedParameters: 0 0 0

#Transform 49
Transform: AffineTransform_float_3_3
Parameters: 0.999991 -0.00204435 0.00387579 0.00207365 0.999969 -0.00766104 -0.00386022 0.00766897 0.999963 -0.0423308 0.596328 -0.905935
FixedParameters: 0 0 0

#Transform 50
Transform: AffineTransform_float_3_3
Parameters: 0.99999 -0.00210834 0.00376164 0.00213666 0.99997 -0.00736503 -0.00374635 0.00737296 0.999966 -0.0249143 0.585392 -0.901423
FixedParameters: 0 0 0

#Transform 51
Transform: AffineTransform_float_3_3
Parameters: 0.999993 -0.0020488 0.00335751 0.00207419 0.999969 -0.00751809 -0.00334149 0.0075249 0.999966 0.0238884 0.591446 -0.94177
FixedParameters: 0 0 0

#Transform 52
Transform: AffineTransform_float_3_3
Parameters: 0.999993 -0.00205149 0.00291099 0.00207351 0.999968 -0.00775101 -0.00289501 0.00775698 0.999965 0.0721805 0.611602 -0.977899
FixedParameters: 0 0 0

#Transform 53
Transform: AffineTransform_float_3_3
Parameters: 0.999991 -0.00232351 0.0037147 0.00234949 0.999971 -0.00714434 -0.0036973 0.00715265 0.999967 -0.0218528 0.560364 -0.897644
FixedParameters: 0 0 0

#Transform 54
Transform: AffineTransform_float_3_3
Parameters: 0.999992 -0.00204796 0.00364575 0.00207403 0.999973 -0.0071525 -0.00363025 0.0071605 0.999968 -0.0234976 0.573278 -0.888486
FixedParameters: 0 0 0

#Transform 55
Transform: AffineTransform_float_3_3
Parameters: 0.999991 -0.00241493 0.0033154 0.00244007 0.999969 -0.00757697 -0.00329759 0.00758503 0.999966 0.0309171 0.595355 -0.966031
FixedParameters: 0 0 0

#Transform 56
Transform: AffineTransform_float_3_3
Parameters: 0.999992 -0.0021988 0.00340475 0.0022232 0.999972 -0.00712049 -0.00338925 0.00712751 0.999969 0.00984737 0.561757 -0.932521
FixedParameters: 0 0 0

#Transform 57
Transform: AffineTransform_float_3_3
Parameters: 0.999994 -0.00221779 0.00291051 0.00223821 0.999974 -0.00695853 -0.00289549 0.00696547 0.999971 0.0552243 0.560638 -0.854492
FixedParameters: 0 0 0

#Transform 58
Transform: AffineTransform_float_3_3
Parameters: 0.999992 -0.00227607 0.00329994 0.00229893 0.999973 -0.00696247 -0.00328406 0.00697053 0.999971 0.0184946 0.557863 -0.876872
FixedParameters: 0 0 0

#Transform 59
Transform: AffineTransform_float_3_3
Parameters: 0.999991 -0.0023198 0.00340461 0.00234319 0.999972 -0.00712108 -0.00338739 0.00712992 0.999969 0.0114593 0.567862 -0.898374
FixedParameters: 0 0 0

#Transform 60
Transform: AffineTransform_float_3_3
Parameters: 0.999991 -0.00237657 0.00349772 0.00240143 0.999972 -0.00699566 -0.00348128 0.00700434 0.99997 -0.00327505 0.557052 -0.88331
FixedParameters: 0 0 0

#Transform 61
Transform: AffineTransform_float_3_3
Parameters: 0.999992 -0.00230393 0.00319901 0.00232607 0.999974 -0.00691262 -0.00318299 0.00692039 0.999971 0.0342521 0.546596 -0.904259
FixedParameters: 0 0 0

#Transform 62
Transform: AffineTransform_float_3_3
Parameters: 0.99999 -0.00242805 0.00362583 0.00245394 0.999973 -0.00689217 -0.00360816 0.00690183 0.999969 -0.0122149 0.549134 -0.877625
FixedParameters: 0 0 0

#Transform 63
Transform: AffineTransform_float_3_3
Parameters: 0.999992 -0.00224569 0.00332785 0.00226931 0.999973 -0.0070165 -0.00331215 0.00702349 0.99997 0.0097873 0.564715 -0.860932
FixedParameters: 0 0 0

#Transform 64
Transform: AffineTransform_float_3_3
Parameters: 0.999993 -0.00205382 0.00290935 0.00207417 0.999973 -0.006949 -0.00289465 0.00695498 0.999971 0.0351651 0.557186 -0.868407
FixedParameters: 0 0 0

#Transform 65
Transform: AffineTransform_float_3_3
Parameters: 0.999992 -0.00245895 0.00334109 0.00248205 0.999973 -0.00691277 -0.00332391 0.00692124 0.999971 0.00502236 0.541699 -0.849662
FixedParameters: 0 0 0

#Transform 66
Transform: AffineTransform_float_3_3
Parameters: 0.999991 -0.00231198 0.00350795 0.00233602 0.999973 -0.00685987 -0.00349205 0.00686713 0.999971 -0.0056134 0.553582 -0.831777
FixedParameters: 0 0 0

#Transform 67
Transform: AffineTransform_float_3_3
Parameters: 0.999992 -0.0022998 0.00320333 0.0023212 0.999976 -0.00663162 -0.00318767 0.00663938 0.999973 0.024087 0.525248 -0.843804
FixedParameters: 0 0 0

#Transform 68
Transform: AffineTransform_float_3_3
Parameters: 0.999991 -0.00247084 0.00325793 0.00249316 0.999973 -0.00681594 -0.00324107 0.00682407 0.999972 0.0243365 0.534243 -0.877176
FixedParameters: 0 0 0

#Transform 69
Transform: AffineTransform_float_3_3
Parameters: 0.999992 -0.00227594 0.00329903 0.00229906 0.999973 -0.00700447 -0.00328297 0.00701153 0.99997 0.00996119 0.549175 -0.886167
FixedParameters: 0 0 0

#Transform 70
Transform: AffineTransform_float_3_3
Parameters: 0.999991 -0.00228779 0.0033652 0.0023102 0.999976 -0.00660929 -0.00334979 0.00661772 0.999973 0.00506355 0.517424 -0.837627
FixedParameters: 0 0 0

#Transform 71
Transform: AffineTransform_float_3_3
Parameters: 0.999992 -0.00226814 0.00345479 0.00229186 0.999974 -0.00692014 -0.00343822 0.00692786 0.99997 0.00259799 0.54955 -0.827749
FixedParameters: 0 0 0

#Transform 72
Transform: AffineTransform_float_3_3
Parameters: 0.999992 -0.00246161 0.00315878 0.00248339 0.999974 -0.00678421 -0.00314222 0.00679179 0.999972 0.0260996 0.531205 -0.783424
FixedParameters: 0 0 0

#Transform 73
Transform: AffineTransform_float_3_3
Parameters: 0.999991 -0.00238471 0.00350228 0.00240729 0.999977 -0.00637462 -0.00348672 0.00638237 0.999973 -0.0031587 0.498581 -0.778973
FixedParameters: 0 0 0

#Transform 74
Transform: AffineTransform_float_3_3
Parameters: 0.99999 -0.00204725 0.00391909 0.00207375 0.999975 -0.00683294 -0.00390491 0.00684106 0.999969 -0.072028 0.546217 -0.815198
FixedParameters: 0 0 0

#Transform 75
Transform: AffineTransform_float_3_3
Parameters: 0.999991 -0.00222529 0.00360736 0.00224971 0.999974 -0.00685995 -0.00359264 0.00686806 0.99997 -0.0216224 0.570392 -0.826472
FixedParameters: 0 0 0

#Transform 76
Transform: AffineTransform_float_3_3
Parameters: 0.999991 -0.00247033 0.00338566 0.00249367 0.999975 -0.00670762 -0.00336934 0.00671638 0.999972 0.00393095 0.545345 -0.825921
FixedParameters: 0 0 0

#Transform 77
Transform: AffineTransform_float_3_3
Parameters: 0.999991 -0.00246953 0.00363444 0.00249547 0.999972 -0.00702 -0.00361756 0.007029 0.999969 -0.0104382 0.574887 -0.855407
FixedParameters: 0 0 0

#Transform 78
Transform: AffineTransform_float_3_3
Parameters: 0.999992 -0.00236216 0.00343014 0.00238384 0.999977 -0.00637588 -0.00341486 0.00638412 0.999974 -0.00111595 0.511545 -0.829034
FixedParameters: 0 0 0

#Transform 79
Transform: AffineTransform_float_3_3
Parameters: 0.999991 -0.00232596 0.0033985 0.00234705 0.999978 -0.00620108 -0.0033845 0.00620892 0.999975 0.00539848 0.500526 -0.814779
FixedParameters: 0 0 0

#Transform 80
Transform: AffineTransform_float_3_3
Parameters: 0.999991 -0.00223511 0.00374874 0.00225889 0.999979 -0.00611159 -0.00373526 0.00612041 0.999975 -0.0218199 0.499969 -0.833406
FixedParameters: 0 0 0

#Transform 81
Transform: AffineTransform_float_3_3
Parameters: 0.999992 -0.00219546 0.00335718 0.00221654 0.999977 -0.00642561 -0.00334282 0.00643239 0.999973 0.0114538 0.512727 -0.825715
FixedParameters: 0 0 0

#Transform 82
Transform: AffineTransform_float_3_3
Parameters: 0.999993 -0.00205239 0.0033115 0.00207361 0.999976 -0.00653718 -0.00329751 0.00654382 0.999973 0.0177965 0.511689 -0.849536
FixedParameters: 0 0 0

#Transform 83
Transform: AffineTransform_float_3_3
Parameters: 0.999992 -0.00236416 0.00319279 0.00238384 0.999978 -0.00622443 -0.00317821 0.00623156 0.999975 0.0301911 0.486866 -0.834232
FixedParameters: 0 0 0

#Transform 84
Transform: AffineTransform_float_3_3
Parameters: 0.999991 -0.0024834 0.00349544 0.0025046 0.999977 -0.0061883 -0.00348056 0.0061967 0.999974 0.00751952 0.497275 -0.828173
FixedParameters: 0 0 0

#Transform 85
Transform: AffineTransform_float_3_3
Parameters: 0.999992 -0.00239687 0.00314843 0.00241713 0.999976 -0.00640643 -0.00313257 0.00641355 0.999974 0.0291205 0.514651 -0.836502
FixedParameters: 0 0 0

#Transform 86
Transform: AffineTransform_float_3_3
Parameters: 0.999992 -0.002052 0.00339042 0.002074 0.999976 -0.00649902 -0.00337659 0.00650598 0.999973 -0.0111846 0.516538 -0.837224
FixedParameters: 0 0 0

#Transform 87
Transform: AffineTransform_float_3_3
Parameters: 0.999992 -0.002052 0.00339838 0.002074 0.999977 -0.006482 -0.00338562 0.006489 0.999973 -0.0119002 0.526256 -0.839345
FixedParameters: 0 0 0

#Transform 88
Transform: AffineTransform_float_3_3
Parameters: 0.999992 -0.00205236 0.00325574 0.00207364 0.999975 -0.00665729 -0.00324226 0.0066647 0.999972 0.00506458 0.534867 -0.829908
FixedParameters: 0 0 0

#Transform 89
Transform: AffineTransform_float_3_3
Parameters: 0.999991 -0.00205122 0.00365787 0.00207378 0.999979 -0.00623447 -0.00364513 0.00624253 0.999974 -0.0236896 0.48975 -0.809848
FixedParameters: 0 0 0

#Transform 90
Transform: AffineTransform_float_3_3
Parameters: 0.999992 -0.00212252 0.00342441 0.00214349 0.999978 -0.00628171 -0.0034116 0.00628829 0.999975 -0.000420453 0.50029 -0.816285
FixedParameters: 0 0 0

#Transform 91
Transform: AffineTransform_float_3_3
Parameters: 0.999992 -0.0020537 0.00336746 0.0020743 0.999979 -0.00603506 -0.00335554 0.00604194 0.999976 -0.00922685 0.485402 -0.757427
FixedParameters: 0 0 0

#Transform 92
Transform: AffineTransform_float_3_3
Parameters: 0.999992 -0.00233804 0.00321488 0.00235696 0.99998 -0.00590747 -0.00320013 0.00591453 0.999978 0.0103888 0.471202 -0.720557
FixedParameters: 0 0 0

#Transform 93
Transform: AffineTransform_float_3_3
Parameters: 0.999992 -0.00222798 0.00333514 0.00224902 0.999977 -0.00631255 -0.00332086 0.00632045 0.999975 0.0101341 0.496005 -0.772595
FixedParameters: 0 0 0

#Transform 94
Transform: AffineTransform_float_3_3
Parameters: 0.999993 -0.00205459 0.00316767 0.00207341 0.999979 -0.00613548 -0.00315533 0.00614153 0.999976 0.0239688 0.488379 -0.796101
FixedParameters: 0 0 0

#Transform 95
Transform: AffineTransform_float_3_3
Parameters: 0.999993 -0.00224593 0.00304217 0.00226507 0.999977 -0.00627915 -0.00302783 0.00628584 0.999975 0.0379396 0.515988 -0.778186
FixedParameters: 0 0 0

#Transform 96
Transform: AffineTransform_float_3_3
Parameters: 0.999993 -0.00205412 0.00313412 0.00207387 0.999977 -0.00635154 -0.00312088 0.00635845 0.999975 0.00926065 0.517201 -0.781753
FixedParameters: 0 0 0

#Transform 97
Transform: AffineTransform_float_3_3
Parameters: 0.999992 -0.00244084 0.00318655 0.00246017 0.999977 -0.00633921 -0.00317146 0.00634679 0.999975 0.0202499 0.525926 -0.796887
FixedParameters: 0 0 0

#Transform 98
Transform: AffineTransform_float_3_3
Parameters: 0.999992 -0.00224862 0.00314865 0.00226938 0.999977 -0.00648291 -0.00313434 0.0064901 0.999974 0.0130904 0.527336 -0.781812
FixedParameters: 0 0 0

#Transform 99
Transform: AffineTransform_float_3_3
Parameters: 0.999993 -0.00223174 0.00300242 0.00225026 0.999977 -0.00642829 -0.00298759 0.00643471 0.999975 0.0244674 0.519215 -0.765994
FixedParameters: 0 0 0

#Transform 100
Transform: AffineTransform_float_3_3
Parameters: 0.999993 -0.00225728 0.00299795 0.00227672 0.999975 -0.00659022 -0.00298305 0.00659678 0.999974 0.0387328 0.531621 -0.770185
FixedParameters: 0 0 0

#Transform 101
Transform: AffineTransform_float_3_3
Parameters: 0.999994 -0.00205483 0.0030281 0.00207417 0.999978 -0.00633976 -0.00301491 0.00634624 0.999976 0.0313506 0.504729 -0.788344
FixedParameters: 0 0 0

#Transform 102
Transform: AffineTransform_float_3_3
Parameters: 0.999993 -0.00219575 0.0030313 0.00221424 0.99998 -0.00602833 -0.0030177 0.00603567 0.999977 0.0328118 0.484406 -0.792113
FixedParameters: 0 0 0

#Transform 103
Transform: AffineTransform_float_3_3
Parameters: 0.999992 -0.00249431 0.00293611 0.00251268 0.999978 -0.00603566 -0.00292088 0.00604233 0.999977 0.0432754 0.490222 -0.76601
FixedParameters: 0 0 0

#Transform 104
Transform: AffineTransform_float_3_3
Parameters: 0.999992 -0.00227119 0.00308494 0.00228981 0.999978 -0.00610798 -0.00307106 0.00611502 0.999976 0.0281601 0.501232 -0.7739
FixedParameters: 0 0 0

#Transform 105
Transform: AffineTransform_float_3_3
Parameters: 0.999994 -0.00205586 0.00303736 0.00207414 0.99998 -0.00598074 -0.00302565 0.00598626 0.999978 0.0171117 0.495402 -0.748027
FixedParameters: 0 0 0

#Transform 106
Transform: AffineTransform_float_3_3
Parameters: 0.999993 -0.00223752 0.00296551 0.00225448 0.999982 -0.00556735 -0.00295249 0.00557365 0.99998 0.0310532 0.459641 -0.704039
FixedParameters: 0 0 0

#Transform 107
Transform: AffineTransform_float_3_3
Parameters: 0.999993 -0.00218772 0.00302431 0.00220628 0.999979 -0.00605437 -0.00301069 0.00606063 0.999977 0.0396572 0.490164 -0.738498
FixedParameters: 0 0 0

#Transform 108
Transform: AffineTransform_float_3_3
Parameters: 0.999992 -0.00221849 0.0031376 0.00223851 0.999976 -0.00654902 -0.0031234 0.00655598 0.999973 0.01324 0.53099 -0.781005
FixedParameters: 0 0 0

#Transform 109
Transform: AffineTransform_float_3_3
Parameters: 0.999991 -0.00225132 0.00340675 0.00227268 0.999979 -0.00607731 -0.00339324 0.00608469 0.999975 -0.00721312 0.486667 -0.727553
FixedParameters: 0 0 0

#Transform 110
Transform: AffineTransform_float_3_3
Parameters: 0.999993 -0.00205348 0.00331779 0.00207352 0.999978 -0.00619317 -0.00330522 0.00619983 0.999976 -0.00763775 0.502047 -0.74207
FixedParameters: 0 0 0

#Transform 111
Transform: AffineTransform_float_3_3
Parameters: 0.999992 -0.00221892 0.00315251 0.00223708 0.999979 -0.00606199 -0.00313949 0.00606901 0.999976 0.0180083 0.498394 -0.738705
FixedParameters: 0 0 0

#Transform 112
Transform: AffineTransform_float_3_3
Parameters: 0.999993 -0.00232869 0.00314689 0.00234531 0.999982 -0.00550866 -0.00313412 0.00551534 0.99998 0.0157566 0.454706 -0.639361
FixedParameters: 0 0 0

#Transform 113
Transform: AffineTransform_float_3_3
Parameters: 0.999992 -0.00251478 0.0031789 0.00253522 0.999975 -0.00669 -0.0031621 0.00669801 0.999972 0.0289452 0.549414 -0.762771
FixedParameters: 0 0 0

#Transform 114
Transform: AffineTransform_float_3_3
Parameters: 0.999991 -0.00241273 0.0032952 0.00243227 0.99998 -0.00585704 -0.0032808 0.00586497 0.999978 0.0138702 0.482969 -0.720465
FixedParameters: 0 0 0

#Transform 115
Transform: AffineTransform_float_3_3
Parameters: 0.999991 -0.00236837 0.00331511 0.00238763 0.99998 -0.00593014 -0.00330089 0.00593787 0.999977 0.0193264 0.465561 -0.724006
FixedParameters: 0 0 0

#Transform 116
Transform: AffineTransform_float_3_3
Parameters: 0.999991 -0.00248278 0.00321714 0.00250123 0.999981 -0.005673 -0.00320385 0.005681 0.999978 0.0305758 0.451642 -0.723143
FixedParameters: 0 0 0

#Transform 117
Transform: AffineTransform_float_3_3
Parameters: 0.999992 -0.00250238 0.00318492 0.00251961 0.999981 -0.00553902 -0.00317108 0.00554698 0.999979 0.0316549 0.45658 -0.712635
FixedParameters: 0 0 0

#Transform 118
Transform: AffineTransform_float_3_3
Parameters: 0.999993 -0.00230253 0.00300071 0.00231847 0.999982 -0.00549709 -0.00298729 0.00550392 0.999981 0.0415596 0.453287 -0.698037
FixedParameters: 0 0 0

#Transform 119
Transform: AffineTransform_float_3_3
Parameters: 0.999991 -0.00235907 0.00339124 0.00237793 0.999981 -0.00558898 -0.00337875 0.00559701 0.999978 0.0133698 0.462177 -0.716603
FixedParameters: 0 0 0

#Transform 120
Transform: AffineTransform_float_3_3
Parameters: 0.999992 -0.00253794 0.00307217 0.00255505 0.999982 -0.0055602 -0.00305783 0.00556881 0.99998 0.0410738 0.45696 -0.680135
FixedParameters: 0 0 0

#Transform 121
Transform: AffineTransform_float_3_3
Parameters: 0.999992 -0.00228283 0.00308079 0.00230017 0.999982 -0.00557995 -0.0030682 0.00558704 0.999979 0.0196106 0.451252 -0.680551
FixedParameters: 0 0 0

#Transform 122
Transform: AffineTransform_float_3_3
Parameters: 0.999992 -0.00250997 0.00314766 0.00252703 0.999982 -0.00541809 -0.00313335 0.00542591 0.999981 0.020259 0.453053 -0.649285
FixedParameters: 0 0 0

#Transform 123
Transform: AffineTransform_float_3_3
Parameters: 0.999992 -0.00235811 0.0031913 0.0023759 0.999981 -0.00561446 -0.0031787 0.00562154 0.999979 0.0259047 0.467642 -0.676503
FixedParameters: 0 0 0

#Transform 124
Transform: AffineTransform_float_3_3
Parameters: 0.999992 -0.00247071 0.00311678 0.00248828 0.999981 -0.00555328 -0.00310222 0.0055617 0.999979 0.0216412 0.459036 -0.671985
FixedParameters: 0 0 0

#Transform 125
Transform: AffineTransform_float_3_3
Parameters: 0.999992 -0.00235704 0.0030681 0.00237396 0.999982 -0.00553676 -0.00305489 0.00554324 0.99998 0.0314268 0.450373 -0.684944
FixedParameters: 0 0 0

#Transform 126
Transform: AffineTransform_float_3_3
Parameters: 0.999991 -0.00243394 0.00325856 0.00245205 0.999981 -0.00554706 -0.00324444 0.00555594 0.99998 0.0178971 0.459975 -0.681981
FixedParameters: 0 0 0

#Transform 127
Transform: AffineTransform_float_3_3
Parameters: 0.999992 -0.00239631 0.00316547 0.00241369 0.999981 -0.0055964 -0.00315153 0.00560459 0.99998 0.0275497 0.468381 -0.681016
FixedParameters: 0 0 0

#Transform 128
Transform: AffineTransform_float_3_3
Parameters: 0.999992 -0.002477 0.00307677 0.002494 0.999981 -0.00553437 -0.00306223 0.00554263 0.99998 0.0368584 0.469363 -0.677025
FixedParameters: 0 0 0

#Transform 129
Transform: AffineTransform_float_3_3
Parameters: 0.999993 -0.00252662 0.00301082 0.00254338 0.999982 -0.00544938 -0.00299718 0.00545661 0.99998 0.0480156 0.451301 -0.657258
FixedParameters: 0 0 0

#Transform 130
Transform: AffineTransform_float_3_3
Parameters: 0.999992 -0.00250307 0.0031107 0.00252094 0.999982 -0.0054522 -0.00309729 0.0054598 0.999981 0.03855 0.464067 -0.676
FixedParameters: 0 0 0

#Transform 131
Transform: AffineTransform_float_3_3
Parameters: 0.999992 -0.00252543 0.00311931 0.00254357 0.999981 -0.00564111 -0.00310469 0.00564889 0.999979 0.0345792 0.469371 -0.671049
FixedParameters: 0 0 0

#Transform 132
Transform: AffineTransform_float_3_3
Parameters: 0.999992 -0.00251492 0.00313379 0.00253208 0.999982 -0.00545911 -0.00311921 0.00546689 0.99998 0.0214244 0.461576 -0.657404
FixedParameters: 0 0 0

#Transform 133
Transform: AffineTransform_float_3_3
Parameters: 0.999992 -0.00247178 0.00313565 0.00248921 0.999982 -0.00549824 -0.00312135 0.00550576 0.99998 0.0269962 0.46729 -0.658408
FixedParameters: 0 0 0

#Transform 134
Transform: AffineTransform_float_3_3
Parameters: 0.999993 -0.00249461 0.00303953 0.0025104 0.999983 -0.00540141 -0.00302647 0.00540959 0.999981 0.0343533 0.446176 -0.65812
FixedParameters: 0 0 0

#Transform 135
Transform: AffineTransform_float_3_3
Parameters: 0.999993 -0.00229725 0.00298696 0.00231375 0.999981 -0.00561712 -0.00297404 0.00562387 0.99998 0.0332483 0.470487 -0.66139
FixedParameters: 0 0 0

#Transform 136
Transform: AffineTransform_float_3_3
Parameters: 0.999992 -0.00223618 0.00326858 0.00225282 0.999984 -0.00515268 -0.00325643 0.00516033 0.999982 0.00366981 0.43414 -0.616645
FixedParameters: 0 0 0

#Transform 137
Transform: AffineTransform_float_3_3
Parameters: 0.999992 -0.00233486 0.00329322 0.00235213 0.999983 -0.00520929 -0.00328078 0.0052177 0.999981 0.0210661 0.446167 -0.65864
FixedParameters: 0 0 0

#Transform 138
Transform: AffineTransform_float_3_3
Parameters: 0.999992 -0.00230083 0.00327812 0.00231817 0.999983 -0.00524444 -0.00326588 0.00525155 0.999981 0.0234224 0.446755 -0.674819
FixedParameters: 0 0 0

#Transform 139
Transform: AffineTransform_float_3_3
Parameters: 0.999992 -0.00222285 0.00317906 0.00224015 0.999983 -0.00540092 -0.00316694 0.00540808 0.999981 0.0237169 0.452123 -0.683204
FixedParameters: 0 0 0

#Transform 140
Transform: AffineTransform_float_3_3
Parameters: 0.999993 -0.00230801 0.00317369 0.00232399 0.999984 -0.00504366 -0.00316131 0.00505133 0.999982 0.0220873 0.430052 -0.649839
FixedParameters: 0 0 0

#Transform 141
Transform: AffineTransform_float_3_3
Parameters: 0.999992 -0.00205744 0.00322064 0.00207356 0.999984 -0.00514836 -0.00321036 0.00515464 0.999981 0.0127467 0.446109 -0.665374
FixedParameters: 0 0 0

#Transform 142
Transform: AffineTransform_float_3_3
Parameters: 0.999993 -0.00205762 0.00314677 0.00207338 0.999985 -0.00521052 -0.00313623 0.00521749 0.999982 0.00857988 0.446089 -0.657623
FixedParameters: 0 0 0

#Transform 143
Transform: AffineTransform_float_3_3
Parameters: 0.999993 -0.00220056 0.00325685 0.00221744 0.999983 -0.00535982 -0.00324516 0.00536719 0.999981 0.0127634 0.472531 -0.661367
FixedParameters: 0 0 0

#Transform 144
Transform: AffineTransform_float_3_3
Parameters: 0.999992 -0.00205617 0.00327027 0.00207382 0.999983 -0.00545726 -0.00325872 0.00546474 0.99998 0.0193268 0.468135 -0.658597
FixedParameters: 0 0 0

#Transform 145
Transform: AffineTransform_float_3_3
Parameters: 0.999993 -0.00225726 0.00320685 0.00227374 0.999984 -0.00522575 -0.00319516 0.00523225 0.999981 0.0264102 0.440474 -0.648746
FixedParameters: 0 0 0

#Transform 146
Transform: AffineTransform_float_3_3
Parameters: 0.999992 -0.00222054 0.00318524 0.00223745 0.999982 -0.00548791 -0.00317276 0.00549508 0.99998 0.0155631 0.474757 -0.620865
FixedParameters: 0 0 0

#Transform 147
Transform: AffineTransform_float_3_3
Parameters: 0.999992 -0.00205669 0.00325899 0.00207331 0.999983 -0.00531728 -0.00324801 0.00532372 0.99998 0.00713065 0.456848 -0.6165
FixedParameters: 0 0 0

#Transform 148
Transform: AffineTransform_float_3_3
Parameters: 0.999992 -0.00219164 0.00329262 0.00220836 0.999983 -0.00527877 -0.00328038 0.00528523 0.99998 0.00883929 0.45031 -0.615515
FixedParameters: 0 0 0

#Transform 149
Transform: AffineTransform_float_3_3
Parameters: 0.999992 -0.00252408 0.00305605 0.00254092 0.999982 -0.00554528 -0.00304195 0.00555372 0.99998 0.042745 0.464701 -0.631154
FixedParameters: 0 0 0

#Transform 150
Transform: AffineTransform_float_3_3
Parameters: 0.999993 -0.0023078 0.00293083 0.0023242 0.999982 -0.00553423 -0.00291817 0.00554178 0.999981 0.0447377 0.465802 -0.652045
FixedParameters: 0 0 0

#Transform 151
Transform: AffineTransform_float_3_3
Parameters: 0.999992 -0.00224389 0.00311938 0.00226112 0.999983 -0.00549299 -0.00310762 0.00550002 0.99998 0.0320312 0.461508 -0.654048
FixedParameters: 0 0 0

#Transform 152
Transform: AffineTransform_float_3_3
Parameters: 0.999993 -0.00205785 0.00316755 0.00207415 0.999985 -0.00510247 -0.00315745 0.00510953 0.999982 0.0122696 0.444398 -0.630776
FixedParameters: 0 0 0

#Transform 153
Transform: AffineTransform_float_3_3
Parameters: 0.999992 -0.00219808 0.00315316 0.00221392 0.999985 -0.00505406 -0.00314184 0.00506094 0.999983 0.0233059 0.441211 -0.63222
FixedParameters: 0 0 0

#Transform 154
Transform: AffineTransform_float_3_3
Parameters: 0.999992 -0.00232778 0.00318765 0.00234522 0.999982 -0.00540857 -0.00317535 0.00541643 0.999981 0.0215185 0.488527 -0.607075
FixedParameters: 0 0 0

#Transform 155
Transform: AffineTransform_float_3_3
Parameters: 0.999992 -0.00236824 0.00327492 0.00238577 0.999983 -0.00543123 -0.00326208 0.00543877 0.99998 0.00656252 0.460373 -0.610577
FixedParameters: 0 0 0

#Transform 156
Transform: AffineTransform_float_3_3
Parameters: 0.999991 -0.00243283 0.00327084 0.00245017 0.999983 -0.00525703 -0.00325815 0.00526497 0.999981 0.0138877 0.447012 -0.615735
FixedParameters: 0 0 0

#Transform 157
Transform: AffineTransform_float_3_3
Parameters: 0.999992 -0.00224986 0.00332865 0.00226714 0.999984 -0.0051535 -0.00331735 0.00516151 0.999981 0.00584291 0.44668 -0.612934
FixedParameters: 0 0 0

#Transform 158
Transform: AffineTransform_float_3_3
Parameters: 0.999992 -0.00205714 0.0032288 0.00207386 0.999984 -0.00522734 -0.0032182 0.00523366 0.999981 0.0188357 0.451056 -0.607843
FixedParameters: 0 0 0

#Transform 159
Transform: AffineTransform_float_3_3
Parameters: 0.999993 -0.00221991 0.00318927 0.00223609 0.999984 -0.00505191 -0.00317774 0.00505909 0.999982 0.0171168 0.439446 -0.599017
FixedParameters: 0 0 0

#Transform 160
Transform: AffineTransform_float_3_3
Parameters: 0.999993 -0.00205674 0.00316827 0.00207426 0.999983 -0.00545547 -0.00315673 0.00546153 0.99998 0.00705005 0.47777 -0.589074
FixedParameters: 0 0 0

#Transform 161
Transform: AffineTransform_float_3_3
Parameters: 0.999993 -0.00205612 0.00329323 0.00207388 0.999983 -0.00543621 -0.00328177 0.00544279 0.99998 0.00541889 0.470878 -0.615176
FixedParameters: 0 0 0

#Transform 162
Transform: AffineTransform_float_3_3
Parameters: 0.999992 -0.00249699 0.00314279 0.00251301 0.999984 -0.00510114 -0.00313021 0.00510886 0.999982 0.0283549 0.430283 -0.582251
FixedParameters: 0 0 0

#Transform 163
Transform: AffineTransform_float_3_3
Parameters: 0.999992 -0.00241758 0.00319848 0.00243342 0.999984 -0.00514126 -0.00318552 0.00514874 0.999981 0.0307595 0.439102 -0.605672
FixedParameters: 0 0 0

#Transform 164
Transform: AffineTransform_float_3_3
Parameters: 0.999991 -0.00242826 0.0033203 0.00244473 0.999985 -0.00504593 -0.00330769 0.00505407 0.999982 0.0205741 0.434948 -0.618048
FixedParameters: 0 0 0

#Transform 165
Transform: AffineTransform_float_3_3
Parameters: 0.999991 -0.00249313 0.00322632 0.00250887 0.999984 -0.00492394 -0.00321367 0.00493205 0.999982 0.0281281 0.41493 -0.606093
FixedParameters: 0 0 0

#Transform 166
Transform: AffineTransform_float_3_3
Parameters: 0.999991 -0.00238452 0.00331491 0.00240047 0.999984 -0.00497508 -0.00330309 0.00498292 0.999982 0.0036897 0.42338 -0.621904
FixedParameters: 0 0 0

#Transform 167
Transform: AffineTransform_float_3_3
Parameters: 0.999992 -0.00243527 0.0032257 0.00245272 0.999983 -0.00519213 -0.0032123 0.00519986 0.999982 0.0258599 0.455266 -0.60693
FixedParameters: 0 0 0

#Transform 168
Transform: AffineTransform_float_3_3
Parameters: 0.999992 -0.00229998 0.0033079 0.00231703 0.999984 -0.00515238 -0.0032961 0.00515962 0.999982 0.0136163 0.443726 -0.620921
FixedParameters: 0 0 0

#Transform 169
Transform: AffineTransform_float_3_3
Parameters: 0.999992 -0.00229152 0.00326434 0.00230848 0.999983 -0.00536051 -0.00325267 0.0053675 0.999981 0.0112825 0.469945 -0.581874
FixedParameters: 0 0 0

#Transform 170
Transform: AffineTransform_float_3_3
Parameters: 0.999992 -0.00232904 0.00323355 0.00234496 0.999985 -0.00494045 -0.00322145 0.00494754 0.999982 0.0116586 0.415859 -0.552364
FixedParameters: 0 0 0

#Transform 171
Transform: AffineTransform_float_3_3
Parameters: 0.999992 -0.00230341 0.00326605 0.00231859 0.999986 -0.00477747 -0.00325495 0.00478554 0.999984 0.00573245 0.420875 -0.545098
FixedParameters: 0 0 0

#Transform 172
Transform: AffineTransform_float_3_3
Parameters: 0.999993 -0.00231617 0.00316266 0.00233183 0.999984 -0.00501166 -0.00315035 0.00501834 0.999983 0.0166286 0.442053 -0.54037
FixedParameters: 0 0 0

#Transform 173
Transform: AffineTransform_float_3_3
Parameters: 0.999993 -0.0023541 0.00290116 0.0023689 0.999984 -0.00514317 -0.00288885 0.00514984 0.999983 0.0484902 0.448995 -0.56696
FixedParameters: 0 0 0

#Transform 174
Transform: AffineTransform_float_3_3
Parameters: 0.999992 -0.00227547 0.00324366 0.00229253 0.999985 -0.0051026 -0.00323134 0.00510939 0.999981 0.00999757 0.433742 -0.595265
FixedParameters: 0 0 0

#Transform 175
Transform: AffineTransform_float_3_3
Parameters: 0.999991 -0.0025182 0.00346328 0.0025348 0.999985 -0.00485427 -0.00345073 0.00486274 0.999982 0.00505362 0.409389 -0.593097
FixedParameters: 0 0 0

#Transform 176
Transform: AffineTransform_float_3_3
Parameters: 0.999992 -0.00241718 0.00322018 0.00243182 0.999987 -0.00460621 -0.00320882 0.0046138 0.999984 0.0159918 0.399141 -0.563763
FixedParameters: 0 0 0

#Transform 177
Transform: AffineTransform_float_3_3
Parameters: 0.999991 -0.00243152 0.0032753 0.00244848 0.999985 -0.00503602 -0.0032627 0.00504398 0.999982 0.00817757 0.437594 -0.574551
FixedParameters: 0 0 0

#Transform 178
Transform: AffineTransform_float_3_3
Parameters: 0.999991 -0.00246134 0.00352668 0.00247766 0.999986 -0.0047263 -0.00351532 0.00473469 0.999982 -0.00693811 0.410869 -0.566817
FixedParameters: 0 0 0

#Transform 179
Transform: AffineTransform_float_3_3
Parameters: 0.999992 -0.00247606 0.003306 0.00249194 0.999985 -0.0048268 -0.003294 0.0048352 0.999983 0.0146496 0.407076 -0.569428
FixedParameters: 0 0 0

#Transform 180
Transform: AffineTransform_float_3_3
Parameters: 0.999991 -0.00246879 0.00326631 0.00248521 0.999984 -0.00496792 -0.00325368 0.00497607 0.999983 0.00987637 0.429692 -0.569372
FixedParameters: 0 0 0

#Transform 181
Transform: AffineTransform_float_3_3
Parameters: 0.999992 -0.00205727 0.00338921 0.00207374 0.999985 -0.00494101 -0.00337979 0.00494799 0.999982 -0.00327889 0.443712 -0.564381
FixedParameters: 0 0 0

#Transform 182
Transform: AffineTransform_float_3_3
Parameters: 0.999991 -0.00236934 0.00336878 0.00238666 0.999985 -0.00495 -0.00335722 0.004958 0.999982 0.00725233 0.435703 -0.56073
FixedParameters: 0 0 0

#Transform 183
Transform: AffineTransform_float_3_3
Parameters: 0.999991 -0.00225857 0.00344383 0.00227443 0.999986 -0.00477421 -0.00343317 0.00478179 0.999982 0.00158053 0.421597 -0.549653
FixedParameters: 0 0 0

#Transform 184
Transform: AffineTransform_float_3_3
Parameters: 0.999991 -0.00244507 0.00360423 0.00246293 0.999985 -0.00497917 -0.00359177 0.00498783 0.999981 -0.00581704 0.443822 -0.534979
FixedParameters: 0 0 0

#Transform 185
Transform: AffineTransform_float_3_3
Parameters: 0.99999 -0.00238038 0.00361167 0.00239762 0.999985 -0.00488139 -0.00360033 0.00488961 0.999981 0.00162197 0.423574 -0.525376
FixedParameters: 0 0 0

#Transform 186
Transform: AffineTransform_float_3_3
Parameters: 0.999991 -0.00253028 0.0034304 0.00254672 0.999985 -0.00487831 -0.00341761 0.00488669 0.999982 0.0174202 0.432499 -0.519241
FixedParameters: 0 0 0

#Transform 187
Transform: AffineTransform_float_3_3
Parameters: 0.99999 -0.00253655 0.0034738 0.00255444 0.999984 -0.00502618 -0.00346119 0.00503583 0.999982 0.0241373 0.444437 -0.532283
FixedParameters: 0 0 0

#Transform 188
Transform: AffineTransform_float_3_3
Parameters: 0.999991 -0.00252055 0.00339627 0.00253745 0.999985 -0.00484743 -0.00338373 0.00485657 0.999983 0.0202689 0.420044 -0.524527
FixedParameters: 0 0 0

#Transform 189
Transform: AffineTransform_float_3_3
Parameters: 0.99999 -0.00251975 0.00372573 0.00253725 0.999986 -0.0046326 -0.00371427 0.00464241 0.999983 -0.00739331 0.409543 -0.519087
FixedParameters: 0 0 0

#Transform 190
Transform: AffineTransform_float_3_3
Parameters: 0.999991 -0.00252232 0.0034777 0.00253668 0.999988 -0.00422422 -0.0034663 0.00423278 0.999985 0.0163657 0.361743 -0.52366
FixedParameters: 0 0 0

#Transform 191
Transform: AffineTransform_float_3_3
