# transform file /out/sourcedata/freesurfer/sub-v1s9x0051360_ses-1/mri/transforms/cc_up.lta
# created by oesteban on Tue Mar 10 09:18:13 2026

type      = 0 # LINEAR_VOX_TO_VOX
nxforms   = 1
mean      = 131.0000 91.0000 118.0000
sigma     = 10000.0000
1 4 4
9.995816349983215e-01 -2.052873186767101e-02 2.037983760237694e-02 -2.353305339813232e+00 
2.052446827292442e-02 9.997893571853638e-01 4.184604622423649e-04 5.332880783081055e+01 
-2.038413286209106e-02 -2.910383392618066e-11 9.997922778129578e-01 1.364368915557861e+01 
0.000000000000000e+00 0.000000000000000e+00 0.000000000000000e+00 1.000000000000000e+00 
src volume info
valid = 1  # volume info valid
filename = /out/sourcedata/freesurfer/sub-v1s9x0051360_ses-1/mri/norm.mgz
volume = 256 256 256
voxelsize = 1.000000000000000e+00 1.000000000000000e+00 1.000000000000000e+00
xras   = -1.000000000000000e+00 0.000000000000000e+00 0.000000000000000e+00
yras   = 0.000000000000000e+00 0.000000000000000e+00 -1.000000000000000e+00
zras   = 0.000000000000000e+00 1.000000000000000e+00 0.000000000000000e+00
cras   = 8.041862487792969e+00 -4.375167846679688e+00 1.889346313476562e+01
dst volume info
valid = 1  # volume info valid
filename = /out/sourcedata/freesurfer/sub-v1s9x0051360_ses-1/mri/norm.mgz
volume = 256 256 256
voxelsize = 1.000000000000000e+00 1.000000000000000e+00 1.000000000000000e+00
xras   = -1.000000000000000e+00 0.000000000000000e+00 0.000000000000000e+00
yras   = 0.000000000000000e+00 0.000000000000000e+00 -1.000000000000000e+00
zras   = 0.000000000000000e+00 1.000000000000000e+00 0.000000000000000e+00
cras   = 8.041862487792969e+00 -4.375167846679688e+00 1.889346313476562e+01
