#Insight Transform File V1.0
#Transform 0
Transform: AffineTransform_float_3_3
Parameters: 1 -0.000442246 -0.0010439 0.000441755 1 -0.000235461 0.00104411 0.000235538 1 0.0226129 0.0314682 0.03324
FixedParameters: 0 0 0

#Transform 1
Transform: AffineTransform_float_3_3
Parameters: 0.999999 -4.42555e-05 -0.000795985 4.47445e-05 1 -0.000321036 0.000796014 0.000320965 0.999999 -0.000759446 0.0630566 0.0128426
FixedParameters: 0 0 0

#Transform 2
Transform: AffineTransform_float_3_3
Parameters: 0.999999 -0.000387582 -0.000795717 0.000387418 0.999999 -0.000731309 0.000796284 0.000731692 1 0.0146813 0.0603212 -0.0363507
FixedParameters: 0 0 0

#Transform 3
Transform: AffineTransform_float_3_3
Parameters: 0.999999 -0.000366273 -0.00121332 0.000363725 0.999998 -0.00187344 0.00121468 0.00187256 0.999997 0.0897313 0.149559 -0.195695
FixedParameters: 0 0 0

#Transform 4
Transform: AffineTransform_float_3_3
Parameters: 0.999999 -0.000364973 -0.00077154 0.000364027 0.999999 -0.00126128 0.000771459 0.00126072 0.999999 0.0318069 -0.0171403 -0.0478669
FixedParameters: 0 0 0

#Transform 5
Transform: AffineTransform_float_3_3
Parameters: 1 2.93788e-05 -0.000535034 -3.06211e-05 1 -0.00116098 0.000534965 0.00116102 0.999999 0.0241739 0.071723 -0.0433488
FixedParameters: 0 0 0

#Transform 6
Transform: AffineTransform_float_3_3
Parameters: 0.999999 -6.17852e-05 -0.000847943 6.12147e-05 0.999999 -0.000926052 0.000848057 0.000925948 0.999999 0.0072899 0.0428772 0.0176409
FixedParameters: 0 0 0

#Transform 7
Transform: AffineTransform_float_3_3
Parameters: 1 -0.000305565 -0.00115585 0.000305435 1 -0.000489353 0.00115615 0.000488647 0.999999 0.00743117 0.0403239 0.0436031
FixedParameters: 0 0 0

#Transform 8
Transform: AffineTransform_float_3_3
Parameters: 1 1.72591e-06 -0.000502001 -2.27409e-06 1 -0.000545999 0.000501999 0.000546001 0.999999 -0.0188812 0.0805374 0.0226917
FixedParameters: 0 0 0

#Transform 9
Transform: AffineTransform_float_3_3
Parameters: 1 0.000595104 0.000191675 -0.000594895 0.999999 -0.000546114 -0.000191325 0.000545886 1 -0.0689942 0.0801601 0.010492
FixedParameters: 0 0 0

#Transform 10
Transform: AffineTransform_float_3_3
Parameters: 1 0.000594996 0.000192012 -0.000595004 1 2.08858e-05 -0.000191987 -2.11142e-05 1 -0.0832159 0.0584461 0.0792798
FixedParameters: 0 0 0

#Transform 11
Transform: AffineTransform_float_3_3
Parameters: 1 0.000488049 0.000191875 -0.000487951 1 -0.000256094 -0.000192125 0.000255906 1 -0.0723613 0.0990278 0.100085
FixedParameters: 0 0 0

#Transform 12
Transform: AffineTransform_float_3_3
Parameters: 0.999999 0.000732139 0.000589827 -0.00073186 0.999999 -0.000236432 -0.000589172 0.000235569 1 -0.107973 0.0669249 0.103366
FixedParameters: 0 0 0

#Transform 13
Transform: AffineTransform_float_3_3
Parameters: 0.999999 0.0010114 0.00088454 -0.0010116 1 -0.000455896 -0.000885461 0.000455105 1 -0.145248 0.0819785 0.117065
FixedParameters: 0 0 0

#Transform 14
Transform: AffineTransform_float_3_3
Parameters: 0.999999 0.00059551 0.000542441 -0.000594491 1 -0.000939324 -0.000542558 0.000938678 1 -0.106801 0.0948385 0.0768827
FixedParameters: 0 0 0

#Transform 15
Transform: AffineTransform_float_3_3
Parameters: 1 0.000346972 -2.53893e-05 -0.000347028 1 -0.00112199 2.46107e-05 0.00112201 1 -0.0775126 0.125779 0.0436891
FixedParameters: 0 0 0

#Transform 16
Transform: AffineTransform_float_3_3
Parameters: 1 2.91203e-05 0.000109968 -2.98797e-05 1 -0.001094 -0.000110033 0.001094 1 -0.0568204 0.0552887 0.0172013
FixedParameters: 0 0 0

#Transform 17
Transform: AffineTransform_float_3_3
Parameters: 1 -0.000138443 -0.000506879 0.000137557 0.999999 -0.000875069 0.00050612 0.000874929 0.999999 -0.0339465 0.0399998 0.0179617
FixedParameters: 0 0 0

#Transform 18
Transform: AffineTransform_float_3_3
Parameters: 1 -0.000113188 -0.000214901 0.000112812 0.999999 -0.000875024 0.000215099 0.000874975 0.999999 -0.0439776 0.039414 0.0470762
FixedParameters: 0 0 0

#Transform 19
Transform: AffineTransform_float_3_3
Parameters: 1 6.55895e-05 -0.00038407 -6.64105e-05 1 -0.00106898 0.000383929 0.00106903 1 -0.00652643 0.109212 -0.0568077
FixedParameters: 0 0 0

#Transform 20
Transform: AffineTransform_float_3_3
Parameters: 1 0.000251764 0.000346172 -0.000252236 0.999999 0.000681912 -0.000345828 -0.000682087 0.999999 -0.0163614 -0.00768565 0.0168181
FixedParameters: 0 0 0

#Transform 21
Transform: AffineTransform_float_3_3
Parameters: 0.999999 0.00050373 0.000530256 -0.00050327 0.999999 0.000508733 -0.000530744 -0.000508267 0.999999 -0.0433137 0.0215639 0.0761934
FixedParameters: 0 0 0

#Transform 22
Transform: AffineTransform_float_3_3
Parameters: 1 0.000610137 0.000870905 -0.000610864 1 -0.000156532 -0.000871096 0.000156469 0.999999 -0.0828554 0.0604329 0.0702651
FixedParameters: 0 0 0

#Transform 23
Transform: AffineTransform_float_3_3
Parameters: 1 0.000360158 0.000321823 -0.000360841 1 -0.000492116 -0.000322177 0.000491884 1 -0.0340812 0.0573637 0.108866
FixedParameters: 0 0 0

#Transform 24
Transform: AffineTransform_float_3_3
Parameters: 1 -0.000206005 -1.79454e-05 0.000205995 1 -0.000265004 1.80546e-05 0.000264996 1 0.0148695 0.0723293 0.0778842
FixedParameters: 0 0 0

#Transform 25
Transform: AffineTransform_float_3_3
Parameters: 0.999999 0.000307349 0.000863875 -0.000306651 1 -0.000404265 -0.000864123 0.000403734 0.999999 -0.0220575 0.0929083 0.0736084
FixedParameters: 0 0 0

#Transform 26
Transform: AffineTransform_float_3_3
Parameters: 0.999999 0.000556928 0.000634063 -0.000557072 1 0.000113647 -0.000633937 -0.000113353 1 -0.0182953 0.0839711 0.133647
FixedParameters: 0 0 0

#Transform 27
Transform: AffineTransform_float_3_3
Parameters: 0.999999 0.000682404 0.000523475 -0.000682597 1 -0.000770358 -0.000523526 0.000770644 1 -0.0287371 0.104455 -0.0230957
FixedParameters: 0 0 0

#Transform 28
Transform: AffineTransform_float_3_3
Parameters: 1 -0.000221203 -0.000438898 0.000220797 1 -0.000462097 0.000439102 0.000461903 1 0.0685182 0.0542473 0.0288015
FixedParameters: 0 0 0

#Transform 29
Transform: AffineTransform_float_3_3
Parameters: 1 -0.000399188 -0.000271724 0.000398812 0.999999 -0.000691108 0.000271276 0.000690891 0.999999 0.0657244 0.0736057 -0.0181908
FixedParameters: 0 0 0

#Transform 30
Transform: AffineTransform_float_3_3
Parameters: 0.999999 -0.000832881 -0.00114236 0.00083212 1 -0.000770952 0.00114264 0.000770049 0.999999 0.124116 0.104321 -0.017577
FixedParameters: 0 0 0

#Transform 31
Transform: AffineTransform_float_3_3
Parameters: 0.999996 -0.00200379 -0.0019982 0.00200321 0.999998 -0.000399004 0.0019988 0.000394996 0.999998 0.22475 0.0293916 -0.0249548
FixedParameters: 0 0 0

#Transform 32
Transform: AffineTransform_float_3_3
Parameters: 0.999996 -0.00207628 -0.00179868 0.00207572 0.999998 -0.000156734 0.00179832 0.000153267 0.999999 0.219353 0.0215689 -0.0100668
FixedParameters: 0 0 0

#Transform 33
Transform: AffineTransform_float_3_3
Parameters: 0.999995 -0.00224075 -0.00196974 0.00223625 0.999995 -0.00190441 0.00197326 0.00190059 0.999996 0.304551 0.250568 -0.356294
FixedParameters: 0 0 0

#Transform 34
Transform: AffineTransform_float_3_3
Parameters: 0.999993 -0.00278356 -0.00221126 0.00277843 0.999994 -0.00206516 0.00221673 0.00205884 0.999996 0.393298 -0.0420848 -0.505294
FixedParameters: 0 0 0

#Transform 35
Transform: AffineTransform_float_3_3
Parameters: 0.999992 -0.00277964 -0.00267634 0.00277936 0.999996 -0.00024244 0.00267766 0.000234559 0.999997 0.404464 -0.104036 -0.298133
FixedParameters: 0 0 0

#Transform 36
Transform: AffineTransform_float_3_3
Parameters: 0.999993 -0.00299699 -0.00254001 0.00299701 0.999996 -6.12436e-07 0.00253999 -7.61238e-06 0.999997 0.395723 -0.0186838 -0.204387
FixedParameters: 0 0 0

#Transform 37
Transform: AffineTransform_float_3_3
Parameters: 0.999991 -0.00356447 -0.00254774 0.00356553 0.999993 0.000203918 0.00254726 -0.000213082 0.999996 0.415198 0.00378602 -0.201243
FixedParameters: 0 0 0

#Transform 38
Transform: AffineTransform_float_3_3
Parameters: 0.999991 -0.0036147 -0.00228905 0.0036163 0.999994 0.000563728 0.00228695 -0.000572272 0.999997 0.394587 -0.0117967 -0.165544
FixedParameters: 0 0 0

#Transform 39
Transform: AffineTransform_float_3_3
Parameters: 0.999986 -0.00424721 -0.00315972 0.00424679 0.999991 -7.24197e-05 0.00316028 5.85785e-05 0.999995 0.454716 0.022542 -0.144655
FixedParameters: 0 0 0

#Transform 40
Transform: AffineTransform_float_3_3
Parameters: 0.999984 -0.00447577 -0.00340299 0.00447523 0.99999 -0.000233233 0.00340401 0.000218768 0.999994 0.487643 0.0206388 -0.189223
FixedParameters: 0 0 0

#Transform 41
Transform: AffineTransform_float_3_3
Parameters: 0.999987 -0.00432875 -0.00263841 0.00432925 0.99999 8.75788e-05 0.0026386 -9.94231e-05 0.999997 0.464678 -0.00578285 -0.0741557
FixedParameters: 0 0 0

#Transform 42
Transform: AffineTransform_float_3_3
Parameters: 0.999989 -0.00402508 -0.00247776 0.00402792 0.999991 0.00117603 0.00247324 -0.00118597 0.999996 0.440205 -0.00173222 0.00113921
FixedParameters: 0 0 0

#Transform 43
Transform: AffineTransform_float_3_3
Parameters: 0.999988 -0.00417772 -0.00277994 0.00417929 0.999991 0.000457388 0.00277807 -0.000468612 0.999996 0.452567 0.0203164 -0.0293556
FixedParameters: 0 0 0

#Transform 44
Transform: AffineTransform_float_3_3
Parameters: 0.999989 -0.00400564 -0.00239827 0.00400736 0.999992 0.000562395 0.00239573 -0.000571603 0.999997 0.447118 0.0108386 -0.0301547
FixedParameters: 0 0 0

#Transform 45
Transform: AffineTransform_float_3_3
Parameters: 0.999986 -0.0044391 -0.00295284 0.0044389 0.99999 -4.1108e-05 0.00295215 2.78955e-05 0.999995 0.494156 0.0498015 -0.0569727
FixedParameters: 0 0 0

#Transform 46
Transform: AffineTransform_float_3_3
Parameters: 0.999982 -0.00507025 -0.00341976 0.00506376 0.999986 -0.00183235 0.00342924 0.00181465 0.999993 0.586339 0.105752 -0.339312
FixedParameters: 0 0 0

#Transform 47
Transform: AffineTransform_float_3_3
Parameters: 0.999984 -0.00477479 -0.00300683 0.00476821 0.999987 -0.00192937 0.00301617 0.00191463 0.999993 0.584888 0.00555785 -0.262663
FixedParameters: 0 0 0

#Transform 48
Transform: AffineTransform_float_3_3
Parameters: 0.999984 -0.00494807 -0.00269955 0.00494393 0.999986 -0.00151337 0.00270646 0.00150063 0.999995 0.568078 0.020739 -0.288861
FixedParameters: 0 0 0

#Transform 49
Transform: AffineTransform_float_3_3
Parameters: 0.999985 -0.00475927 -0.00247364 0.00475773 0.999989 -0.000922783 0.00247836 0.000910219 0.999997 0.525793 0.0200669 -0.197212
FixedParameters: 0 0 0

#Transform 50
Transform: AffineTransform_float_3_3
Parameters: 0.999988 -0.00455087 -0.00176892 0.00455214 0.99999 0.000636956 0.00176609 -0.000644045 0.999998 0.440637 -0.00522845 -0.0247978
FixedParameters: 0 0 0

#Transform 51
Transform: AffineTransform_float_3_3
Parameters: 0.999989 -0.00432589 -0.00176136 0.00432411 0.99999 -0.00107563 0.00176564 0.00106837 0.999998 0.423486 0.047801 -0.191973
FixedParameters: 0 0 0

#Transform 52
Transform: AffineTransform_float_3_3
Parameters: 0.999988 -0.00451875 -0.00153678 0.00451824 0.999989 -0.000494949 0.00153922 0.00048805 0.999998 0.377525 0.0347343 -0.00728254
FixedParameters: 0 0 0

#Transform 53
Transform: AffineTransform_float_3_3
Parameters: 0.999989 -0.00430482 -0.0019084 0.00430017 0.999988 -0.00200323 0.0019176 0.00199477 0.999996 0.364269 0.129959 -0.104646
FixedParameters: 0 0 0

#Transform 54
Transform: AffineTransform_float_3_3
Parameters: 0.999989 -0.00419608 -0.0018558 0.00419191 0.999989 -0.0021978 0.0018652 0.0021902 0.999996 0.354085 0.118663 -0.110662
FixedParameters: 0 0 0

#Transform 55
Transform: AffineTransform_float_3_3
Parameters: 0.999989 -0.00445562 -0.00149522 0.00445338 0.999988 -0.00174968 0.00150278 0.00174332 0.999998 0.368001 0.0754627 -0.0311343
FixedParameters: 0 0 0

#Transform 56
Transform: AffineTransform_float_3_3
Parameters: 0.999987 -0.0047601 -0.00183699 0.0047569 0.999988 -0.00168676 0.00184501 0.00167824 0.999997 0.432711 0.1447 -0.106869
FixedParameters: 0 0 0

#Transform 57
Transform: AffineTransform_float_3_3
Parameters: 0.999986 -0.00475992 -0.00228091 0.00475708 0.999988 -0.00128587 0.00228609 0.00127514 0.999996 0.458832 0.0666819 -0.0989662
FixedParameters: 0 0 0

#Transform 58
Transform: AffineTransform_float_3_3
Parameters: 0.999986 -0.0047588 -0.00229228 0.00475721 0.999989 -0.000786916 0.00229572 0.000776086 0.999997 0.439372 0.0670019 -0.0806882
FixedParameters: 0 0 0

#Transform 59
Transform: AffineTransform_float_3_3
Parameters: 0.999983 -0.0052298 -0.00262848 0.0052252 0.999984 -0.00182876 0.00263752 0.00181524 0.999995 0.486973 0.112975 -0.194493
FixedParameters: 0 0 0

#Transform 60
Transform: AffineTransform_float_3_3
Parameters: 0.999984 -0.0050243 -0.002395 0.00501969 0.999986 -0.00179905 0.002404 0.00178695 0.999996 0.518402 0.0953353 -0.287633
FixedParameters: 0 0 0

#Transform 61
Transform: AffineTransform_float_3_3
Parameters: 0.999985 -0.00488241 -0.00247225 0.00488059 0.999987 -0.000979081 0.00247775 0.000966917 0.999997 0.516414 0.0188149 -0.184519
FixedParameters: 0 0 0

#Transform 62
Transform: AffineTransform_float_3_3
Parameters: 0.999983 -0.00520322 -0.00253741 0.00519978 0.999985 -0.00127421 0.00254359 0.00126079 0.999996 0.51439 0.0383712 -0.222286
FixedParameters: 0 0 0

#Transform 63
Transform: AffineTransform_float_3_3
Parameters: 0.999987 -0.00469646 -0.00193204 0.00469454 0.999988 -0.00127509 0.00193797 0.00126592 0.999998 0.46189 0.0606348 -0.114833
FixedParameters: 0 0 0

#Transform 64
Transform: AffineTransform_float_3_3
Parameters: 0.999989 -0.00443874 -0.00187726 0.00443827 0.99999 -0.000396336 0.00187874 0.000387665 0.999998 0.433433 0.058799 -0.0903722
FixedParameters: 0 0 0

#Transform 65
Transform: AffineTransform_float_3_3
Parameters: 0.99999 -0.00444971 -0.00126902 0.00445029 0.99999 0.000225355 0.00126798 -0.000231645 0.999999 0.341998 0.0378495 0.107492
FixedParameters: 0 0 0

#Transform 66
Transform: AffineTransform_float_3_3
Parameters: 0.99999 -0.00433919 -0.00119508 0.00433681 0.999989 -0.0018282 0.00120292 0.0018228 0.999997 0.421907 0.155728 -0.326328
FixedParameters: 0 0 0

#Transform 67
Transform: AffineTransform_float_3_3
Parameters: 0.999988 -0.00447073 -0.0016908 0.00446727 0.999988 -0.00161557 0.0016982 0.00160843 0.999998 0.4667 0.0783123 -0.257125
FixedParameters: 0 0 0

#Transform 68
Transform: AffineTransform_float_3_3
Parameters: 0.999989 -0.00439343 -0.00154896 0.00439257 0.99999 -0.000922814 0.00155304 0.000915187 0.999999 0.428156 0.0338376 -0.16526
FixedParameters: 0 0 0

#Transform 69
Transform: AffineTransform_float_3_3
Parameters: 0.999989 -0.00447103 -0.00154714 0.00446897 0.999989 -0.00131493 0.00155286 0.00130807 0.999998 0.445491 0.0923918 -0.251284
FixedParameters: 0 0 0

#Transform 70
Transform: AffineTransform_float_3_3
Parameters: 0.999987 -0.00475289 -0.00181306 0.00475111 0.999988 -0.00104463 0.00181794 0.00103537 0.999998 0.480153 0.065474 -0.210632
FixedParameters: 0 0 0

#Transform 71
Transform: AffineTransform_float_3_3
Parameters: 0.999986 -0.00479 -0.00229853 0.004784 0.999985 -0.00261003 0.00231147 0.00259897 0.999994 0.537954 0.114849 -0.399751
FixedParameters: 0 0 0

#Transform 72
Transform: AffineTransform_float_3_3
Parameters: 0.999982 -0.0052784 -0.00293967 0.0052806 0.999985 0.000877493 0.00293432 -0.000893505 0.999996 0.572594 -0.106495 -0.0706392
FixedParameters: 0 0 0

#Transform 73
Transform: AffineTransform_float_3_3
Parameters: 0.999984 -0.00519474 -0.00253569 0.00519826 0.999985 0.00127984 0.00252931 -0.00129316 0.999996 0.5425 -0.050806 -0.054395
FixedParameters: 0 0 0

#Transform 74
Transform: AffineTransform_float_3_3
Parameters: 0.999984 -0.00521724 -0.00244505 0.00522077 0.999985 0.00153626 0.00243695 -0.00154874 0.999996 0.5376 -0.0483106 -0.0111353
FixedParameters: 0 0 0

#Transform 75
Transform: AffineTransform_float_3_3
Parameters: 0.999985 -0.00501183 -0.00252538 0.00500918 0.999987 -0.000728661 0.00252862 0.000716338 0.999996 0.528348 0.0541981 -0.308392
FixedParameters: 0 0 0

#Transform 76
Transform: AffineTransform_float_3_3
Parameters: 0.999984 -0.00501252 -0.0026262 0.00500948 0.999987 -0.000964171 0.0026308 0.000951828 0.999996 0.518203 0.0118914 -0.319631
FixedParameters: 0 0 0

#Transform 77
Transform: AffineTransform_float_3_3
Parameters: 0.999983 -0.005248 -0.00252276 0.00524499 0.999985 -0.00119625 0.00252924 0.00118275 0.999996 0.557929 0.0942538 -0.351181
FixedParameters: 0 0 0

#Transform 78
Transform: AffineTransform_float_3_3
Parameters: 0.999983 -0.00548436 -0.00197222 0.00548264 0.999984 -0.000694824 0.00197578 0.000684175 0.999998 0.540945 0.0192147 -0.31551
FixedParameters: 0 0 0

#Transform 79
Transform: AffineTransform_float_3_3
Parameters: 0.999987 -0.00494643 -0.00125923 0.00494657 0.999987 0.000447777 0.00125677 -0.000453222 0.999999 0.476846 0.00338085 -0.155041
FixedParameters: 0 0 0

#Transform 80
Transform: AffineTransform_float_3_3
Parameters: 0.999988 -0.00460017 -0.00178458 0.00459984 0.99999 -9.621e-05 0.00178542 8.77879e-05 0.999999 0.491621 0.048661 -0.289956
FixedParameters: 0 0 0

#Transform 81
Transform: AffineTransform_float_3_3
Parameters: 0.999986 -0.00511373 -0.00143595 0.00511427 0.999987 0.000181659 0.00143506 -0.000188341 0.999999 0.447729 0.0117271 -0.176134
FixedParameters: 0 0 0

#Transform 82
Transform: AffineTransform_float_3_3
Parameters: 0.99999 -0.00446663 -0.000339877 0.00446638 0.999989 -0.00181954 0.000348122 0.00181746 0.999999 0.330843 0.100931 -0.172169
FixedParameters: 0 0 0

#Transform 83
Transform: AffineTransform_float_3_3
Parameters: 0.99999 -0.00433481 -0.000251253 0.00433418 0.999985 -0.00317212 0.000264747 0.00317088 0.999995 0.276123 0.175425 -0.274543
FixedParameters: 0 0 0

#Transform 84
Transform: AffineTransform_float_3_3
Parameters: 0.999992 -0.00398031 0.000474357 0.00398268 0.999985 -0.00360514 -0.000459642 0.00360686 0.999994 0.236862 0.188951 -0.314948
FixedParameters: 0 0 0

#Transform 85
Transform: AffineTransform_float_3_3
Parameters: 0.999991 -0.0043901 -3.34327e-05 0.00439091 0.999988 -0.00240717 4.35687e-05 0.00240683 0.999997 0.31643 0.164812 -0.255892
FixedParameters: 0 0 0

#Transform 86
Transform: AffineTransform_float_3_3
Parameters: 0.999988 -0.00490331 -0.000162971 0.00490369 0.999987 -0.00184182 0.000172031 0.00184118 0.999999 0.347832 0.14004 -0.254319
FixedParameters: 0 0 0

#Transform 87
Transform: AffineTransform_float_3_3
Parameters: 0.999986 -0.00533874 -0.000685619 0.00533726 0.999982 -0.00250869 0.000699384 0.0025053 0.999996 0.449671 0.129617 -0.509847
FixedParameters: 0 0 0

#Transform 88
Transform: AffineTransform_float_3_3
Parameters: 0.999983 -0.00557989 -0.00199013 0.00557611 0.999982 -0.00195513 0.00200188 0.00194386 0.999996 0.549767 0.0788918 -0.377938
FixedParameters: 0 0 0

#Transform 89
Transform: AffineTransform_float_3_3
Parameters: 0.999977 -0.00642496 -0.00209898 0.00642205 0.999979 -0.00141051 0.00210802 0.00139749 0.999997 0.565657 0.0432095 -0.324341
FixedParameters: 0 0 0

#Transform 90
Transform: AffineTransform_float_3_3
Parameters: 0.999981 -0.00608043 -0.00144399 0.00607857 0.999981 -0.000992797 0.00145001 0.000983203 0.999999 0.538916 0.0576325 -0.270931
FixedParameters: 0 0 0

#Transform 91
Transform: AffineTransform_float_3_3
Parameters: 0.99998 -0.00608106 -0.00181813 0.00607894 0.999981 -0.00113507 0.00182487 0.00112393 0.999997 0.542217 0.0793603 -0.307143
FixedParameters: 0 0 0

#Transform 92
Transform: AffineTransform_float_3_3
Parameters: 0.999967 -0.00795863 -0.00201435 0.00796237 0.999967 0.00166902 0.00200165 -0.00168499 0.999996 0.673585 -0.0741345 -0.113322
FixedParameters: 0 0 0

#Transform 93
Transform: AffineTransform_float_3_3
Parameters: 0.999962 -0.00856751 -0.00166566 0.00856848 0.999963 0.000886762 0.00165735 -0.000900234 0.999998 0.692461 0.0107497 -0.165315
FixedParameters: 0 0 0

#Transform 94
Transform: AffineTransform_float_3_3
Parameters: 0.999961 -0.00852333 -0.00201233 0.00852566 0.999963 0.00132089 0.00200167 -0.00133811 0.999997 0.686127 -0.0209539 -0.1039
FixedParameters: 0 0 0

#Transform 95
Transform: AffineTransform_float_3_3
Parameters: 0.99996 -0.00884881 -0.0013916 0.0088502 0.999961 0.000852718 0.0013844 -0.000865285 0.999998 0.68242 0.00625211 -0.147249
FixedParameters: 0 0 0

#Transform 96
Transform: AffineTransform_float_3_3
Parameters: 0.999965 -0.00837853 -0.000973897 0.00837747 0.999963 -0.00156821 0.000987104 0.00155978 0.999999 0.666608 0.114155 -0.530659
FixedParameters: 0 0 0

#Transform 97
Transform: AffineTransform_float_3_3
Parameters: 0.999967 -0.00804775 -0.0010598 0.00804625 0.999967 -0.00164458 0.0010732 0.00163642 0.999998 0.669918 0.00984038 -0.460793
FixedParameters: 0 0 0

#Transform 98
Transform: AffineTransform_float_3_3
Parameters: 0.999966 -0.00804774 -0.00168775 0.00804627 0.999967 -0.00103162 0.00169525 0.00101839 0.999998 0.674919 0.0426358 -0.42369
FixedParameters: 0 0 0

#Transform 99
Transform: AffineTransform_float_3_3
Parameters: 0.999978 -0.00651219 -0.000541657 0.0065128 0.999978 -0.000361535 0.000544346 0.000358463 1 0.550501 0.0065177 -0.26447
FixedParameters: 0 0 0

#Transform 100
Transform: AffineTransform_float_3_3
Parameters: 0.999974 -0.00717308 -0.000442805 0.00717293 0.999975 -0.000168181 0.000444194 0.000164818 1 0.562972 0.0295899 -0.35226
FixedParameters: 0 0 0

#Transform 101
Transform: AffineTransform_float_3_3
Parameters: 0.999978 -0.00652901 -3.45431e-06 0.00652898 0.999977 -0.00146205 1.25453e-05 0.00146195 0.999999 0.511329 0.043808 -0.421273
FixedParameters: 0 0 0

#Transform 102
Transform: AffineTransform_float_3_3
Parameters: 0.999982 -0.00599009 0.000725917 0.0059929 0.999978 -0.0026547 -0.000710078 0.0026593 0.999996 0.388374 0.106153 -0.453733
FixedParameters: 0 0 0

#Transform 103
Transform: AffineTransform_float_3_3
Parameters: 0.999983 -0.00560313 0.00168168 0.00560887 0.999978 -0.00350563 -0.00166133 0.00351437 0.999993 0.367436 0.193298 -0.519125
FixedParameters: 0 0 0

#Transform 104
Transform: AffineTransform_float_3_3
Parameters: 0.999981 -0.00611847 0.000623207 0.00611953 0.999978 -0.00248323 -0.000607795 0.00248677 0.999996 0.456006 0.1468 -0.428163
FixedParameters: 0 0 0

#Transform 105
Transform: AffineTransform_float_3_3
Parameters: 0.999974 -0.00722889 0.000431836 0.0072301 0.99997 -0.00260394 -0.000413163 0.00260705 0.999996 0.526315 0.143249 -0.584023
FixedParameters: 0 0 0

#Transform 106
Transform: AffineTransform_float_3_3
Parameters: 0.999958 -0.00914002 -0.000576847 0.00913798 0.999953 -0.00341142 0.000608149 0.00340559 0.999994 0.714137 0.175298 -0.580502
FixedParameters: 0 0 0

#Transform 107
Transform: AffineTransform_float_3_3
Parameters: 0.99994 -0.0108807 -0.00134948 0.0108763 0.999937 -0.00272084 0.00137952 0.00270615 0.999996 0.833375 0.0939029 -0.586203
FixedParameters: 0 0 0

#Transform 108
Transform: AffineTransform_float_3_3
Parameters: 0.999937 -0.0110979 -0.00158823 0.0110931 0.999934 -0.00305281 0.00162178 0.00303519 0.999994 0.848323 0.110289 -0.587411
FixedParameters: 0 0 0

#Transform 109
Transform: AffineTransform_float_3_3
Parameters: 0.999942 -0.0107025 -0.00129857 0.0106995 0.999939 -0.00266405 0.00132743 0.00264995 0.999995 0.830714 0.130353 -0.555702
FixedParameters: 0 0 0

#Transform 110
Transform: AffineTransform_float_3_3
Parameters: 0.999939 -0.0109834 -0.000609657 0.0109816 0.999937 -0.00231084 0.000634343 0.00230417 0.999997 0.812045 0.105476 -0.581169
FixedParameters: 0 0 0

#Transform 111
Transform: AffineTransform_float_3_3
Parameters: 0.999937 -0.0111943 -0.000842578 0.0111917 0.999933 -0.0027226 0.000873425 0.00271339 0.999996 0.826682 0.147128 -0.591757
FixedParameters: 0 0 0

#Transform 112
Transform: AffineTransform_float_3_3
Parameters: 0.999943 -0.0105421 -0.00124084 0.0105389 0.999942 -0.00248822 0.00126716 0.00247478 0.999996 0.808928 0.115912 -0.616644
FixedParameters: 0 0 0

#Transform 113
Transform: AffineTransform_float_3_3
Parameters: 0.999947 -0.0102806 -0.000652395 0.0102784 0.999945 -0.00239683 0.000677605 0.00239016 0.999997 0.770638 0.109595 -0.564853
FixedParameters: 0 0 0

#Transform 114
Transform: AffineTransform_float_3_3
Parameters: 0.999947 -0.010326 -0.000668298 0.010324 0.999943 -0.00297706 0.000698703 0.00296995 0.999996 0.772636 0.152912 -0.608168
FixedParameters: 0 0 0

#Transform 115
Transform: AffineTransform_float_3_3
Parameters: 0.999941 -0.0108153 -0.00108559 0.0108127 0.999937 -0.00300292 0.00111841 0.00299108 0.999995 0.832033 0.127761 -0.687016
FixedParameters: 0 0 0

#Transform 116
Transform: AffineTransform_float_3_3
Parameters: 0.999941 -0.0107608 -0.000870615 0.0107572 0.999938 -0.00310755 0.000904376 0.00309745 0.999995 0.832228 0.111687 -0.62406
FixedParameters: 0 0 0

#Transform 117
Transform: AffineTransform_float_3_3
Parameters: 0.999945 -0.0105448 -0.000539774 0.0105432 0.999939 -0.00324887 0.000574228 0.00324312 0.999994 0.807343 0.129613 -0.592447
FixedParameters: 0 0 0

#Transform 118
Transform: AffineTransform_float_3_3
Parameters: 0.999942 -0.0107684 -0.000728826 0.0107646 0.999931 -0.00457111 0.000777171 0.0045629 0.99999 0.856791 0.203084 -0.897273
FixedParameters: 0 0 0

#Transform 119
Transform: AffineTransform_float_3_3
Parameters: 0.999946 -0.0103415 -0.00106622 0.0103355 0.999934 -0.00501429 0.00111778 0.00500271 0.999987 0.867397 0.188912 -0.898877
FixedParameters: 0 0 0

#Transform 120
Transform: AffineTransform_float_3_3
Parameters: 0.999943 -0.0106578 -0.000919879 0.0106562 0.999942 -0.00189291 0.000940121 0.00188309 0.999998 0.848667 -0.0195469 -0.683807
FixedParameters: 0 0 0

#Transform 121
Transform: AffineTransform_float_3_3
Parameters: 0.999951 -0.00988401 -0.000580952 0.00988298 0.999949 -0.00172783 0.000598041 0.00172117 0.999999 0.77565 0.0657737 -0.609605
FixedParameters: 0 0 0

#Transform 122
Transform: AffineTransform_float_3_3
Parameters: 0.999951 -0.0098953 -0.000204156 0.00989471 0.99995 -0.00140009 0.000217843 0.00139791 0.999999 0.739855 0.0672407 -0.515664
FixedParameters: 0 0 0

#Transform 123
Transform: AffineTransform_float_3_3
Parameters: 0.999952 -0.00975747 -0.00075924 0.00975652 0.99995 -0.0019265 0.000778766 0.00191949 0.999998 0.742392 0.0783303 -0.555513
FixedParameters: 0 0 0

#Transform 124
Transform: AffineTransform_float_3_3
Parameters: 0.999953 -0.00969579 -0.000472921 0.0096942 0.999951 -0.00166066 0.00048908 0.00165633 0.999998 0.731876 0.0941361 -0.608298
FixedParameters: 0 0 0

#Transform 125
Transform: AffineTransform_float_3_3
Parameters: 0.999946 -0.0103068 -0.000763388 0.0103051 0.999944 -0.00239199 0.000787611 0.00238401 0.999997 0.76766 0.0839165 -0.623628
FixedParameters: 0 0 0

#Transform 126
Transform: AffineTransform_float_3_3
Parameters: 0.999946 -0.0102522 -0.00121006 0.0102488 0.999941 -0.00341458 0.00124493 0.00340142 0.999994 0.7975 0.130806 -0.712739
FixedParameters: 0 0 0

#Transform 127
Transform: AffineTransform_float_3_3
Parameters: 0.999946 -0.0100024 -0.00277843 0.00999262 0.999945 -0.00337195 0.00281157 0.00334406 0.999991 0.846286 0.133513 -0.658079
FixedParameters: 0 0 0

#Transform 128
Transform: AffineTransform_float_3_3
Parameters: 0.99995 -0.00960957 -0.00269812 0.00960042 0.999947 -0.00354008 0.00273188 0.00351392 0.99999 0.844115 0.138386 -0.706277
FixedParameters: 0 0 0

#Transform 129
Transform: AffineTransform_float_3_3
Parameters: 0.999951 -0.00952731 -0.00241949 0.00951968 0.999949 -0.0034252 0.00245151 0.00340181 0.999991 0.818128 0.119367 -0.72174
FixedParameters: 0 0 0

#Transform 130
Transform: AffineTransform_float_3_3
Parameters: 0.999961 -0.00874637 -0.00171687 0.00874063 0.999957 -0.00311013 0.00174413 0.00309487 0.999993 0.760319 0.121458 -0.645713
FixedParameters: 0 0 0

#Transform 131
Transform: AffineTransform_float_3_3
Parameters: 0.999961 -0.00874699 -0.00165569 0.00874102 0.999956 -0.00358862 0.00168732 0.00357438 0.999992 0.760572 0.142338 -0.706941
FixedParameters: 0 0 0

#Transform 132
Transform: AffineTransform_float_3_3
Parameters: 0.999964 -0.00849323 -0.00114258 0.00849078 0.999962 -0.00193877 0.00115843 0.00192923 0.999998 0.72523 0.0948673 -0.600806
FixedParameters: 0 0 0

#Transform 133
Transform: AffineTransform_float_3_3
Parameters: 0.999964 -0.0084921 -0.000393947 0.0084909 0.999961 -0.00271644 0.000417057 0.00271356 0.999996 0.683985 0.106791 -0.641915
FixedParameters: 0 0 0

#Transform 134
Transform: AffineTransform_float_3_3
Parameters: 0.999964 -0.00849372 -0.000538689 0.00849128 0.999952 -0.00486675 0.000580306 0.00486125 0.999988 0.671043 0.185198 -0.771134
FixedParameters: 0 0 0

#Transform 135
Transform: AffineTransform_float_3_3
Parameters: 0.999968 -0.00800185 -0.000438749 0.00799915 0.999949 -0.00615771 0.000487246 0.0061533 0.999981 0.614388 0.180282 -0.961267
FixedParameters: 0 0 0

#Transform 136
Transform: AffineTransform_float_3_3
Parameters: 0.999968 -0.00791876 -0.000939751 0.00791225 0.999945 -0.00698366 0.000995254 0.00697634 0.999975 0.56547 0.219451 -0.891101
FixedParameters: 0 0 0

#Transform 137
Transform: AffineTransform_float_3_3
Parameters: 0.999979 -0.00644424 -8.99404e-05 0.00644377 0.999929 -0.0100968 0.000155069 0.0100962 0.999949 0.53362 0.386334 -1.18726
FixedParameters: 0 0 0

#Transform 138
Transform: AffineTransform_float_3_3
Parameters: 0.999972 -0.00747052 8.94111e-05 0.00747148 0.999937 -0.00835357 -2.65817e-05 0.00835443 0.999965 0.575813 0.261051 -1.09572
FixedParameters: 0 0 0

#Transform 139
Transform: AffineTransform_float_3_3
Parameters: 0.999963 -0.00856782 -0.000359388 0.00856319 0.999895 -0.0117475 0.000460619 0.0117445 0.999931 0.719604 0.458174 -1.79869
FixedParameters: 0 0 0

#Transform 140
Transform: AffineTransform_float_3_3
Parameters: 0.999969 -0.00786028 -9.15677e-05 0.00785971 0.99992 -0.00985202 0.000169439 0.00985097 0.999952 0.696751 0.187071 -1.55889
FixedParameters: 0 0 0

#Transform 141
Transform: AffineTransform_float_3_3
Parameters: 0.999962 -0.00871408 2.55605e-05 0.00871393 0.999929 -0.00809709 4.45591e-05 0.00809692 0.999967 0.709971 0.111974 -1.31014
FixedParameters: 0 0 0

#Transform 142
Transform: AffineTransform_float_3_3
Parameters: 0.999961 -0.00883536 -0.000275369 0.00883362 0.999931 -0.00765673 0.000343638 0.00765426 0.99997 0.711269 0.222905 -1.24793
FixedParameters: 0 0 0

#Transform 143
Transform: AffineTransform_float_3_3
Parameters: 0.999962 -0.00873066 8.09036e-05 0.00873033 0.999943 -0.00617353 -2.70964e-05 0.00617447 0.999981 0.696529 0.178751 -1.1219
FixedParameters: 0 0 0

#Transform 144
Transform: AffineTransform_float_3_3
Parameters: 0.999962 -0.00862851 0.000251818 0.0086295 0.999941 -0.00669908 -0.000194186 0.00670092 0.999977 0.690075 0.234337 -1.23109
FixedParameters: 0 0 0

#Transform 145
Transform: AffineTransform_float_3_3
Parameters: 0.999967 -0.00812115 0.000158032 0.00812284 0.999946 -0.00640593 -0.000105962 0.00640707 0.99998 0.679531 0.21398 -1.14982
FixedParameters: 0 0 0

#Transform 146
Transform: AffineTransform_float_3_3
Parameters: 0.99996 -0.00895786 4.9306e-05 0.00895813 0.999947 -0.00494575 -4.70014e-06 0.00494524 0.999988 0.721478 0.147916 -1.11263
FixedParameters: 0 0 0

#Transform 147
Transform: AffineTransform_float_3_3
Parameters: 0.999961 -0.00884553 -0.000202525 0.00884446 0.999939 -0.00661205 0.000261477 0.00660995 0.999978 0.720622 0.239906 -1.18796
FixedParameters: 0 0 0

#Transform 148
Transform: AffineTransform_float_3_3
Parameters: 0.999964 -0.00828905 -0.00169515 0.00827696 0.999942 -0.00699128 0.00175285 0.00697672 0.999974 0.754417 0.225139 -1.1891
FixedParameters: 0 0 0

#Transform 149
Transform: AffineTransform_float_3_3
Parameters: 0.999967 -0.00769075 -0.00262035 0.00767326 0.999951 -0.00634232 0.00266864 0.00632169 0.999977 0.748831 0.162991 -1.20414
FixedParameters: 0 0 0

#Transform 150
Transform: AffineTransform_float_3_3
Parameters: 0.999968 -0.00768039 -0.00190445 0.0076726 0.999961 -0.00437775 0.00193754 0.00436225 0.999988 0.724653 0.0770609 -0.971515
FixedParameters: 0 0 0

#Transform 151
Transform: AffineTransform_float_3_3
Parameters: 0.999967 -0.00789369 -0.00195221 0.00788532 0.999959 -0.00441754 0.0019868 0.00440246 0.999989 0.728945 0.157329 -1.02465
FixedParameters: 0 0 0

#Transform 152
Transform: AffineTransform_float_3_3
Parameters: 0.999968 -0.00772065 -0.00211711 0.00771135 0.99996 -0.00453047 0.00215189 0.00451353 0.999988 0.710386 0.0970745 -0.98316
FixedParameters: 0 0 0

#Transform 153
Transform: AffineTransform_float_3_3
Parameters: 0.999965 -0.00789819 -0.00272711 0.00788582 0.999958 -0.00481167 0.00276489 0.00479033 0.999984 0.751746 0.159249 -1.00819
FixedParameters: 0 0 0

#Transform 154
Transform: AffineTransform_float_3_3
Parameters: 0.999962 -0.00839412 -0.00206433 0.00838187 0.999948 -0.00581052 0.00211367 0.00579347 0.999981 0.778518 0.194499 -1.26172
FixedParameters: 0 0 0

#Transform 155
Transform: AffineTransform_float_3_3
Parameters: 0.999964 -0.0080522 -0.00266681 0.00803079 0.999937 -0.0078687 0.00273019 0.0078463 0.999966 0.807609 0.281467 -1.39294
FixedParameters: 0 0 0

#Transform 156
Transform: AffineTransform_float_3_3
Parameters: 0.999966 -0.00793667 -0.00224523 0.00792333 0.999951 -0.006033 0.00229277 0.00601501 0.99998 0.773218 0.0685393 -1.21884
FixedParameters: 0 0 0

#Transform 157
Transform: AffineTransform_float_3_3
Parameters: 0.999972 -0.00725462 -0.00182441 0.00724338 0.999954 -0.00629539 0.00187059 0.0062826 0.999978 0.723131 0.193674 -1.22647
FixedParameters: 0 0 0

#Transform 158
Transform: AffineTransform_float_3_3
Parameters: 0.999974 -0.00709482 -0.0013354 0.00708917 0.999965 -0.00431958 0.0013666 0.00430941 0.99999 0.692599 0.115498 -1.04954
FixedParameters: 0 0 0

#Transform 159
Transform: AffineTransform_float_3_3
Parameters: 0.999969 -0.00750576 -0.00211568 0.00749524 0.999962 -0.004583 0.00215031 0.004567 0.999988 0.7102 0.136899 -1.07535
FixedParameters: 0 0 0

#Transform 160
Transform: AffineTransform_float_3_3
Parameters: 0.999969 -0.00711733 -0.00337486 0.00710267 0.999965 -0.00453311 0.00340715 0.00450889 0.999984 0.720136 0.123112 -1.03367
FixedParameters: 0 0 0

#Transform 161
Transform: AffineTransform_float_3_3
Parameters: 0.999969 -0.00669848 -0.00410175 0.00667853 0.999966 -0.00498455 0.00413525 0.00495746 0.999979 0.721859 0.155755 -0.95142
FixedParameters: 0 0 0

#Transform 162
Transform: AffineTransform_float_3_3
Parameters: 0.99997 -0.0058896 -0.0049994 0.0058474 0.999949 -0.00829549 0.00504859 0.00826552 0.999953 0.721778 0.331382 -1.45998
FixedParameters: 0 0 0

#Transform 163
Transform: AffineTransform_float_3_3
Parameters: 0.999969 -0.00622932 -0.00494657 0.00619668 0.999959 -0.00652286 0.00498644 0.00649214 0.999967 0.797431 0.120389 -1.27601
FixedParameters: 0 0 0

#Transform 164
Transform: AffineTransform_float_3_3
Parameters: 0.999965 -0.00694388 -0.00482164 0.00692212 0.999965 -0.00453954 0.00485336 0.00450546 0.999978 0.822254 0.0794353 -1.1407
FixedParameters: 0 0 0

#Transform 165
Transform: AffineTransform_float_3_3
Parameters: 0.999964 -0.00706506 -0.00454358 0.00704894 0.999968 -0.00376016 0.00456943 0.00372885 0.999982 0.791014 0.104703 -1.04317
FixedParameters: 0 0 0

#Transform 166
Transform: AffineTransform_float_3_3
Parameters: 0.999966 -0.00706615 -0.00429617 0.00705084 0.999969 -0.00353241 0.00432082 0.00350159 0.999984 0.777878 0.113505 -1.00999
FixedParameters: 0 0 0

#Transform 167
Transform: AffineTransform_float_3_3
Parameters: 0.999968 -0.00683467 -0.00398173 0.00681433 0.999964 -0.00518129 0.00401726 0.0051537 0.999978 0.78952 0.217973 -1.23934
FixedParameters: 0 0 0

#Transform 168
Transform: AffineTransform_float_3_3
Parameters: 0.999969 -0.00696522 -0.00355943 0.00694877 0.999966 -0.00454988 0.00359157 0.00452513 0.999984 0.768481 0.0641706 -1.14281
FixedParameters: 0 0 0

#Transform 169
Transform: AffineTransform_float_3_3
Parameters: 0.999963 -0.00748896 -0.00423843 0.00746704 0.999958 -0.00517284 0.00427756 0.00514115 0.999977 0.825856 0.209826 -1.3723
FixedParameters: 0 0 0

#Transform 170
Transform: AffineTransform_float_3_3
Parameters: 0.999967 -0.0069696 -0.00411431 0.0069494 0.999964 -0.00499976 0.00414969 0.00497024 0.999979 0.797517 0.100565 -1.23129
FixedParameters: 0 0 0

#Transform 171
Transform: AffineTransform_float_3_3
Parameters: 0.999964 -0.00740987 -0.00415002 0.00739313 0.999965 -0.00406583 0.00417997 0.00403417 0.999983 0.802049 0.0540478 -1.15869
FixedParameters: 0 0 0

#Transform 172
Transform: AffineTransform_float_3_3
Parameters: 0.99997 -0.00672594 -0.00385605 0.00671106 0.99997 -0.00387499 0.00388195 0.00384901 0.999985 0.76105 0.107524 -1.1293
FixedParameters: 0 0 0

#Transform 173
Transform: AffineTransform_float_3_3
Parameters: 0.99997 -0.00672376 -0.0036667 0.00671124 0.999972 -0.00348071 0.0036903 0.00345629 0.999987 0.754412 0.112117 -1.04816
FixedParameters: 0 0 0

#Transform 174
Transform: AffineTransform_float_3_3
Parameters: 0.999974 -0.00630946 -0.00364726 0.00629755 0.999975 -0.00314405 0.00366675 0.00312095 0.999989 0.734706 0.0998004 -1.01341
FixedParameters: 0 0 0

#Transform 175
Transform: AffineTransform_float_3_3
Parameters: 0.999971 -0.00632028 -0.00412318 0.00630571 0.999974 -0.0034681 0.00414481 0.0034419 0.999985 0.726312 0.123756 -1.00158
FixedParameters: 0 0 0

#Transform 176
Transform: AffineTransform_float_3_3
Parameters: 0.999973 -0.00607697 -0.00428643 0.00605603 0.999969 -0.00488809 0.00431658 0.0048619 0.999979 0.760373 0.157755 -1.2086
FixedParameters: 0 0 0

#Transform 177
Transform: AffineTransform_float_3_3
Parameters: 0.999976 -0.00549512 -0.00409245 0.00547588 0.999974 -0.00466852 0.00411854 0.00464548 0.99998 0.729857 0.131624 -1.23341
FixedParameters: 0 0 0

#Transform 178
Transform: AffineTransform_float_3_3
Parameters: 0.999971 -0.006538 -0.00408936 0.00651999 0.999969 -0.00440079 0.00411864 0.0043732 0.999982 0.800258 0.0862214 -1.14711
FixedParameters: 0 0 0

#Transform 179
Transform: AffineTransform_float_3_3
Parameters: 0.999967 -0.00681601 -0.00427584 0.00679699 0.999967 -0.00444521 0.00430615 0.00441579 0.999981 0.774932 0.150845 -1.0654
FixedParameters: 0 0 0

#Transform 180
Transform: AffineTransform_float_3_3
Parameters: 0.999974 -0.00596853 -0.00402062 0.00595047 0.999971 -0.00460604 0.00404738 0.00458196 0.999982 0.663622 0.136122 -1.0578
FixedParameters: 0 0 0

#Transform 181
Transform: AffineTransform_float_3_3
Parameters: 0.999975 -0.00593297 -0.00385141 0.00591302 0.999969 -0.0051769 0.0038826 0.0051541 0.999979 0.647915 0.166518 -1.04054
FixedParameters: 0 0 0

#Transform 182
Transform: AffineTransform_float_3_3
Parameters: 0.999972 -0.00632309 -0.00417472 0.0063029 0.999968 -0.00480945 0.00420528 0.00478254 0.999979 0.659465 0.160481 -1.02187
FixedParameters: 0 0 0

#Transform 183
Transform: AffineTransform_float_3_3
Parameters: 0.999972 -0.00637658 -0.0040845 0.00635542 0.999966 -0.00527511 0.0041185 0.00524889 0.999977 0.633683 0.189791 -1.01846
FixedParameters: 0 0 0

#Transform 184
Transform: AffineTransform_float_3_3
Parameters: 0.999966 -0.00669004 -0.00485661 0.00666196 0.999961 -0.00576555 0.00489538 0.00573344 0.999971 0.686367 0.208767 -1.06683
FixedParameters: 0 0 0

#Transform 185
Transform: AffineTransform_float_3_3
Parameters: 0.999967 -0.00657405 -0.00467966 0.00654293 0.999956 -0.00662283 0.00472333 0.00659116 0.999967 0.66082 0.221498 -1.13229
FixedParameters: 0 0 0

#Transform 186
Transform: AffineTransform_float_3_3
Parameters: 0.999966 -0.0065874 -0.0049653 0.0065546 0.999958 -0.00651377 0.00500769 0.00648123 0.999966 0.670435 0.217661 -1.10584
FixedParameters: 0 0 0

#Transform 187
Transform: AffineTransform_float_3_3
Parameters: 0.999968 -0.00650273 -0.00479897 0.00647027 0.999956 -0.00680427 0.00484304 0.00677373 0.999966 0.624671 0.226787 -1.08772
FixedParameters: 0 0 0

#Transform 188
Transform: AffineTransform_float_3_3
Parameters: 0.99996 -0.00692955 -0.00556207 0.00689044 0.999951 -0.00710061 0.00561093 0.0070614 0.99996 0.671289 0.23118 -1.09941
FixedParameters: 0 0 0

#Transform 189
Transform: AffineTransform_float_3_3
Parameters: 0.999962 -0.00650526 -0.00571437 0.00646474 0.999953 -0.00720921 0.00576063 0.00717179 0.999957 0.650041 0.24005 -1.07583
FixedParameters: 0 0 0

