# transform file /out/sourcedata/freesurfer/sub-v1s9x0051355_ses-1/mri/transforms/cc_up.lta
# created by oesteban on Tue Mar 10 08:38:29 2026

type      = 0 # LINEAR_VOX_TO_VOX
nxforms   = 1
mean      = 127.0000 99.0000 121.0000
sigma     = 10000.0000
1 4 4
9.944098591804504e-01 -5.480588972568512e-02 -9.025114029645920e-02 1.911469078063965e+01 
5.458155274391174e-02 9.984970092773438e-01 -4.953739698976278e-03 3.990003204345703e+01 
9.038698673248291e-02 4.656612873077393e-10 9.959066510200500e-01 -7.906261682510376e-01 
0.000000000000000e+00 0.000000000000000e+00 0.000000000000000e+00 1.000000000000000e+00 
src volume info
valid = 1  # volume info valid
filename = /out/sourcedata/freesurfer/sub-v1s9x0051355_ses-1/mri/norm.mgz
volume = 256 256 256
voxelsize = 1.000000000000000e+00 1.000000000000000e+00 1.000000000000000e+00
xras   = -1.000000000000000e+00 0.000000000000000e+00 0.000000000000000e+00
yras   = 0.000000000000000e+00 0.000000000000000e+00 -1.000000000000000e+00
zras   = 0.000000000000000e+00 1.000000000000000e+00 0.000000000000000e+00
cras   = -3.580421447753906e+00 -1.367298889160156e+01 -2.759564208984375e+01
dst volume info
valid = 1  # volume info valid
filename = /out/sourcedata/freesurfer/sub-v1s9x0051355_ses-1/mri/norm.mgz
volume = 256 256 256
voxelsize = 1.000000000000000e+00 1.000000000000000e+00 1.000000000000000e+00
xras   = -1.000000000000000e+00 0.000000000000000e+00 0.000000000000000e+00
yras   = 0.000000000000000e+00 0.000000000000000e+00 -1.000000000000000e+00
zras   = 0.000000000000000e+00 1.000000000000000e+00 0.000000000000000e+00
cras   = -3.580421447753906e+00 -1.367298889160156e+01 -2.759564208984375e+01
