#Insight Transform File V1.0
#Transform 0
Transform: AffineTransform_float_3_3
Parameters: 1 -0.000425917 0.00010633 0.000425082 0.999999 -0.000775954 -0.00010567 0.000776045 0.999999 0.0313712 0.0121686 -0.103439
FixedParameters: 0 0 0

#Transform 1
Transform: AffineTransform_float_3_3
Parameters: 1 -0.00094797 0.000247114 0.00094803 0.999999 -0.000119766 -0.000246886 0.000120234 1 0.0331377 0.0318303 -0.130593
FixedParameters: 0 0 0

#Transform 2
Transform: AffineTransform_float_3_3
Parameters: 0.999999 -0.000948014 -0.000127886 0.000947984 0.999999 -0.000120121 0.000128114 0.000119879 1 0.0715518 0.0540104 -0.135901
FixedParameters: 0 0 0

#Transform 3
Transform: AffineTransform_float_3_3
Parameters: 1 -0.00119795 8.17283e-05 0.00119805 0.999999 -0.000607902 -8.12715e-05 0.000608098 1 0.0586087 0.0473424 -0.143012
FixedParameters: 0 0 0

#Transform 4
Transform: AffineTransform_float_3_3
Parameters: 1 -0.000948326 -0.000367162 0.000947675 0.999999 -0.000884348 0.000368839 0.00088465 0.999999 0.0749699 0.0664041 -0.144198
FixedParameters: 0 0 0

#Transform 5
Transform: AffineTransform_float_3_3
Parameters: 0.999999 -0.000684578 -0.00043409 0.000684422 0.999999 -0.0013303 0.00043491 0.0013297 0.999999 0.0913646 0.114756 -0.147235
FixedParameters: 0 0 0

#Transform 6
Transform: AffineTransform_float_3_3
Parameters: 1 -0.000948416 -0.000387986 0.000947585 0.999999 -0.00107037 0.000389014 0.00106963 1 0.0746269 0.107517 -0.131394
FixedParameters: 0 0 0

#Transform 7
Transform: AffineTransform_float_3_3
Parameters: 1 -0.000948346 -0.000323991 0.000947655 0.999999 -0.00106431 0.000325009 0.00106369 1 0.0854847 0.0963206 -0.107249
FixedParameters: 0 0 0

#Transform 8
Transform: AffineTransform_float_3_3
Parameters: 1 0.000285441 -0.000245651 -0.000285559 0.999998 -0.00227693 0.00024535 0.00227707 0.999998 -0.01098 0.270173 -0.0470172
FixedParameters: 0 0 0

#Transform 9
Transform: AffineTransform_float_3_3
Parameters: 1 9.72292e-06 0.000297977 -8.27703e-06 0.999997 -0.002426 -0.000298021 0.002426 0.999997 -0.0413252 0.192938 -0.0557011
FixedParameters: 0 0 0

#Transform 10
Transform: AffineTransform_float_3_3
Parameters: 1 -0.000384292 0.000298912 0.000384708 0.999997 -0.00237189 -0.000298088 0.00237212 0.999997 -0.0120057 0.160888 -0.0879772
FixedParameters: 0 0 0

#Transform 11
Transform: AffineTransform_float_3_3
Parameters: 0.999999 -0.000712072 -0.000126592 0.000711927 0.999999 -0.00057309 0.000127408 0.000572909 1 0.020394 0.0343593 -0.032244
FixedParameters: 0 0 0

#Transform 12
Transform: AffineTransform_float_3_3
Parameters: 0.999999 -0.000248722 -0.000738432 0.000250279 0.999999 0.00173082 0.000738568 -0.00173119 0.999998 0.051636 -0.146713 0.0114461
FixedParameters: 0 0 0

#Transform 13
Transform: AffineTransform_float_3_3
Parameters: 0.999999 -0.000384449 -0.000738287 0.00038555 0.999999 0.000745716 0.000737713 -0.000746284 1 0.0611825 -0.0367228 -0.0334687
FixedParameters: 0 0 0

#Transform 14
Transform: AffineTransform_float_3_3
Parameters: 0.999999 -0.000732493 -0.000250563 0.000731506 0.999998 -0.00196218 0.000252436 0.00196182 0.999998 0.0615515 0.17578 -0.101002
FixedParameters: 0 0 0

#Transform 15
Transform: AffineTransform_float_3_3
Parameters: 1 -0.000491674 0.000262611 0.000492325 0.999999 -0.00124187 -0.000261389 0.00124213 0.999999 0.037108 0.103632 -0.06681
FixedParameters: 0 0 0

#Transform 16
Transform: AffineTransform_float_3_3
Parameters: 1 -0.00038482 0.000126549 0.000385181 0.999999 -0.00142595 -0.000126451 0.00142605 0.999999 0.030222 0.0948382 -0.0334176
FixedParameters: 0 0 0

#Transform 17
Transform: AffineTransform_float_3_3
Parameters: 1 -0.000136707 0.000172233 0.000137293 0.999998 -0.00170297 -0.000171766 0.00170302 0.999998 0.017888 0.129573 -0.0562118
FixedParameters: 0 0 0

#Transform 18
Transform: AffineTransform_float_3_3
Parameters: 1 -0.000385204 -0.000149476 0.000384795 0.999999 -0.00136106 0.000150524 0.00136094 0.999999 0.0423339 0.144443 -0.0800313
FixedParameters: 0 0 0

#Transform 19
Transform: AffineTransform_float_3_3
Parameters: 1 -0.00038511 -8.04759e-05 0.000384891 0.999999 -0.00136103 8.05239e-05 0.00136097 0.999999 0.0374474 0.145386 -0.0653317
FixedParameters: 0 0 0

#Transform 20
Transform: AffineTransform_float_3_3
Parameters: 1 0.000467932 0.000376084 -0.000467067 1 0.000179824 -0.000375916 -0.000180176 1 -0.0258556 -0.00379546 0.00461166
FixedParameters: 0 0 0

#Transform 21
Transform: AffineTransform_float_3_3
Parameters: 1 -0.000385386 0.000375604 0.000385615 1 0.00102715 -0.000375396 -0.00102686 1 -0.0188656 -0.0489921 -0.00598341
FixedParameters: 0 0 0

#Transform 22
Transform: AffineTransform_float_3_3
Parameters: 0.999999 -0.000260052 0.00068098 0.000260949 1 7.51777e-05 -0.000681019 -7.58229e-05 1 -0.0271166 0.0210316 -0.00177137
FixedParameters: 0 0 0

#Transform 23
Transform: AffineTransform_float_3_3
Parameters: 1 -0.000384659 0.000398329 0.00038534 0.999999 -0.000855846 -0.00039767 0.000856152 0.999999 -0.0152245 0.125914 -0.0332978
FixedParameters: 0 0 0

#Transform 24
Transform: AffineTransform_float_3_3
Parameters: 1 -0.000384808 0.000398186 0.000385192 1 -0.000482847 -0.000397814 0.000483153 1 -0.00843018 0.0934504 -0.0237697
FixedParameters: 0 0 0

#Transform 25
Transform: AffineTransform_float_3_3
Parameters: 1 -0.000384958 0.00039804 0.000385041 1 -0.000103847 -0.00039796 0.000104153 1 -0.0218674 0.0337948 -0.00655684
FixedParameters: 0 0 0

#Transform 26
Transform: AffineTransform_float_3_3
Parameters: 1 -0.000384787 0.000451181 0.000385213 1 -0.000471826 -0.000450818 0.000472173 1 -0.0181082 0.0598347 -0.0335091
FixedParameters: 0 0 0

#Transform 27
Transform: AffineTransform_float_3_3
Parameters: 0.999999 -0.000384245 0.000941308 0.000384754 0.999999 -0.000801638 -0.000940691 0.000802362 0.999999 -0.0406196 0.0856486 -0.0356052
FixedParameters: 0 0 0

#Transform 28
Transform: AffineTransform_float_3_3
Parameters: 1 -0.00107221 -0.000150512 0.00107179 0.999999 -0.00138816 0.000151488 0.00138784 0.999999 0.0632166 0.10393 -0.0704974
FixedParameters: 0 0 0

#Transform 29
Transform: AffineTransform_float_3_3
Parameters: 0.999999 -0.000671973 -0.000515735 0.000671028 0.999998 -0.00188435 0.000516265 0.00188365 0.999998 0.0335835 0.159847 -0.097872
FixedParameters: 0 0 0

#Transform 30
Transform: AffineTransform_float_3_3
Parameters: 0.999999 -0.00100342 -0.000754111 0.00100158 0.999997 -0.00188476 0.000755889 0.00188424 0.999998 0.0631608 0.139305 -0.0634133
FixedParameters: 0 0 0

#Transform 31
Transform: AffineTransform_float_3_3
Parameters: 0.999999 -0.0013635 -0.00119602 0.0013595 0.999995 -0.00292263 0.00119998 0.00292037 0.999995 0.124324 0.238239 -0.109893
FixedParameters: 0 0 0

#Transform 32
Transform: AffineTransform_float_3_3
Parameters: 0.999998 -0.0016291 -0.00119715 0.0016279 0.999997 -0.00175195 0.00120085 0.00175005 0.999997 0.126019 0.167027 0.0046995
FixedParameters: 0 0 0

#Transform 33
Transform: AffineTransform_float_3_3
Parameters: 0.999998 -0.00146192 -0.000928417 0.00145808 0.999994 -0.00313836 0.00093258 0.00313764 0.999994 0.11384 0.203719 0.0339921
FixedParameters: 0 0 0

#Transform 34
Transform: AffineTransform_float_3_3
Parameters: 0.999999 0.000372264 -0.00183015 -0.000372737 1 -0.000402319 0.00182985 0.000402682 0.999998 0.0927304 -0.0178064 0.0794764
FixedParameters: 0 0 0

#Transform 35
Transform: AffineTransform_float_3_3
Parameters: 0.999999 0.00106872 -0.00132485 -0.00107129 0.999998 -0.00172558 0.00132315 0.00172642 0.999997 0.0616264 0.188934 -0.0325497
FixedParameters: 0 0 0

#Transform 36
Transform: AffineTransform_float_3_3
Parameters: 1 0.00101788 -9.63152e-05 -0.00101812 0.999998 -0.0012919 9.56847e-05 0.0012921 0.999999 -0.0453858 0.194327 0.0129129
FixedParameters: 0 0 0

#Transform 37
Transform: AffineTransform_float_3_3
Parameters: 0.999998 0.00154448 -0.000505549 -0.00154452 0.999999 0.000939782 0.000506451 -0.000939219 0.999999 -0.0156964 -0.066355 0.0586345
FixedParameters: 0 0 0

#Transform 38
Transform: AffineTransform_float_3_3
Parameters: 1 0.00017588 3.65818e-05 -0.000176121 0.999994 0.00330699 -3.64177e-05 -0.003307 0.999994 -0.0281192 -0.254129 0.0599668
FixedParameters: 0 0 0

#Transform 39
Transform: AffineTransform_float_3_3
Parameters: 1 0.000336805 -0.000145452 -0.000337194 0.999999 -0.00134095 0.000144548 0.00134105 0.999999 0.0131558 0.1523 -0.0831614
FixedParameters: 0 0 0

#Transform 40
Transform: AffineTransform_float_3_3
Parameters: 0.999999 0.000638084 -0.000685853 -0.000638915 0.999999 -0.00133556 0.000685146 0.00133644 0.999999 0.0565298 0.151478 -0.106368
FixedParameters: 0 0 0

#Transform 41
Transform: AffineTransform_float_3_3
Parameters: 1 -0.000844865 -0.000741882 0.000843136 0.999997 -0.00250963 0.000744118 0.00250937 0.999996 0.0763601 0.206179 -0.100498
FixedParameters: 0 0 0

#Transform 42
Transform: AffineTransform_float_3_3
Parameters: 0.999999 -0.000723698 -0.000507004 0.000723301 0.999999 -0.00137737 0.000507996 0.00137663 0.999999 0.0588192 0.112376 -0.048024
FixedParameters: 0 0 0

#Transform 43
Transform: AffineTransform_float_3_3
Parameters: 1 0.00101216 -0.000509673 -0.00101384 0.999998 -0.00165248 0.000508325 0.00165251 0.999998 -0.0310346 0.139917 -0.0468197
FixedParameters: 0 0 0

#Transform 44
Transform: AffineTransform_float_3_3
Parameters: 0.999998 0.000966081 -0.0013069 -0.000969918 0.999995 -0.00300074 0.00130409 0.00300226 0.999994 0.0438387 0.278667 -0.0578146
FixedParameters: 0 0 0

#Transform 45
Transform: AffineTransform_float_3_3
Parameters: 0.999999 0.000966115 -0.00148553 -0.000969884 0.999996 -0.00261656 0.00148247 0.00261844 0.999995 0.0691383 0.229123 -0.0328814
FixedParameters: 0 0 0

#Transform 46
Transform: AffineTransform_float_3_3
Parameters: 0.999999 -0.000238819 -0.00148239 0.000235181 0.999996 -0.00257635 0.00148261 0.00257565 0.999995 0.131596 0.213398 -0.0210532
FixedParameters: 0 0 0

#Transform 47
Transform: AffineTransform_float_3_3
Parameters: 1 -4.91917e-05 -0.000410859 4.88079e-05 0.999996 -0.00290002 0.000411143 0.00289998 0.999995 0.0547402 0.280042 -0.0155292
FixedParameters: 0 0 0

#Transform 48
Transform: AffineTransform_float_3_3
Parameters: 1 0.000104731 -0.000126223 -0.00010527 0.999997 -0.00212899 0.000126776 0.00212901 0.999997 0.0335966 0.193903 0.00188156
FixedParameters: 0 0 0

#Transform 49
Transform: AffineTransform_float_3_3
Parameters: 1 0.000334112 5.53245e-05 -0.000333886 0.999998 -0.00202202 -5.66752e-05 0.00202198 0.999998 0.0120951 0.18869 0.00426017
FixedParameters: 0 0 0

#Transform 50
Transform: AffineTransform_float_3_3
Parameters: 0.999999 0.000431173 -0.00132892 -0.000433826 0.999997 -0.00212842 0.00132708 0.00212857 0.999997 0.0746051 0.180658 0.00586249
FixedParameters: 0 0 0

#Transform 51
Transform: AffineTransform_float_3_3
Parameters: 0.999999 0.000593689 -0.000489595 -0.000594312 0.999996 -0.00268271 0.000488408 0.00268229 0.999997 0.0366854 0.320553 0.000844486
FixedParameters: 0 0 0

#Transform 52
Transform: AffineTransform_float_3_3
Parameters: 0.999999 0.00126473 -0.000908168 -0.00126727 0.999996 -0.00250185 0.000904832 0.00250315 0.999997 0.0390209 0.273758 0.101874
FixedParameters: 0 0 0

#Transform 53
Transform: AffineTransform_float_3_3
Parameters: 0.999999 0.00102058 -0.00090886 -0.00102443 0.999993 -0.00377508 0.000905139 0.00377593 0.999993 0.0408401 0.321433 0.0233059
FixedParameters: 0 0 0

#Transform 54
Transform: AffineTransform_float_3_3
Parameters: 0.999998 0.00169923 -0.000912067 -0.00170377 0.99999 -0.00415345 0.000904929 0.00415554 0.999991 0.0131916 0.322336 -0.0320093
FixedParameters: 0 0 0

#Transform 55
Transform: AffineTransform_float_3_3
Parameters: 0.999997 0.00184323 -0.00108018 -0.00184778 0.999989 -0.00443301 0.00107282 0.00443499 0.999989 0.0164753 0.344516 -0.0287386
FixedParameters: 0 0 0

#Transform 56
Transform: AffineTransform_float_3_3
Parameters: 0.999997 0.00128481 -0.00172688 -0.00129019 0.999994 -0.00300978 0.00172312 0.00301222 0.999994 0.0608319 0.272026 -0.0240335
FixedParameters: 0 0 0

#Transform 57
Transform: AffineTransform_float_3_3
Parameters: 1 0.000390344 -0.00104837 -0.000393657 0.999994 -0.00348859 0.00104763 0.00348941 0.999994 0.0811711 0.289008 -0.0511675
FixedParameters: 0 0 0

#Transform 58
Transform: AffineTransform_float_3_3
Parameters: 0.999999 0.000368321 -0.0017876 -0.000375677 0.99999 -0.00429734 0.0017854 0.00429766 0.999989 0.115279 0.370294 -0.0719395
FixedParameters: 0 0 0

#Transform 59
Transform: AffineTransform_float_3_3
Parameters: 0.999997 0.000801204 -0.00222229 -0.0008128 0.999985 -0.00531221 0.00221871 0.00531379 0.999984 0.12445 0.424844 -0.0997691
FixedParameters: 0 0 0

#Transform 60
Transform: AffineTransform_float_3_3
Parameters: 0.999997 0.00116157 -0.002437 -0.00117143 0.99999 -0.00428316 0.002432 0.00428584 0.999988 0.124241 0.333054 -0.0308773
FixedParameters: 0 0 0

#Transform 61
Transform: AffineTransform_float_3_3
Parameters: 0.999998 0.00110096 -0.00201222 -0.00110504 0.999998 -0.00200678 0.00200979 0.00200922 0.999996 0.0726154 0.172454 0.0376939
FixedParameters: 0 0 0

#Transform 62
Transform: AffineTransform_float_3_3
Parameters: 0.999999 0.000487752 -0.00134219 -0.000491251 0.999997 -0.00242134 0.00134181 0.00242166 0.999996 0.0276958 0.265698 0.0337345
FixedParameters: 0 0 0

#Transform 63
Transform: AffineTransform_float_3_3
Parameters: 0.999999 0.000847784 -0.00108153 -0.000850217 0.999995 -0.00297608 0.00107947 0.00297792 0.999995 0.0271256 0.304349 -0.00131452
FixedParameters: 0 0 0

#Transform 64
Transform: AffineTransform_float_3_3
Parameters: 0.999999 0.000846171 -0.00162353 -0.000850827 0.999995 -0.00297563 0.00162048 0.00297738 0.999995 0.0649946 0.304208 0.015562
FixedParameters: 0 0 0

#Transform 65
Transform: AffineTransform_float_3_3
Parameters: 0.999999 0.000283417 -0.00174991 -0.000289582 0.999995 -0.0031905 0.00174909 0.0031915 0.999994 0.097474 0.279268 -0.0410854
FixedParameters: 0 0 0

#Transform 66
Transform: AffineTransform_float_3_3
Parameters: 0.999999 0.000444034 -0.00151276 -0.000449966 0.999992 -0.00394532 0.00151124 0.00394668 0.999991 0.0955866 0.337176 -0.0720321
FixedParameters: 0 0 0

#Transform 67
Transform: AffineTransform_float_3_3
Parameters: 0.999999 0.000272193 -0.00154903 -0.000277808 0.999993 -0.00375057 0.00154797 0.00375042 0.999992 0.0833058 0.334688 -0.0706055
FixedParameters: 0 0 0

#Transform 68
Transform: AffineTransform_float_3_3
Parameters: 0.999998 0.000786205 -0.00212827 -0.000794793 0.999991 -0.00413432 0.00212473 0.00413668 0.999989 0.0945901 0.360872 -0.0528807
FixedParameters: 0 0 0

#Transform 69
Transform: AffineTransform_float_3_3
Parameters: 0.999997 0.00120927 -0.0022333 -0.00121873 0.999989 -0.00436229 0.0022277 0.00436471 0.999988 0.09887 0.366173 -0.0507019
FixedParameters: 0 0 0

#Transform 70
Transform: AffineTransform_float_3_3
Parameters: 0.999998 0.0011871 -0.00198036 -0.0011959 0.999989 -0.00449764 0.00197464 0.00449936 0.999988 0.0812051 0.367767 -0.0521402
FixedParameters: 0 0 0

#Transform 71
Transform: AffineTransform_float_3_3
Parameters: 0.999996 0.00130225 -0.00227918 -0.00131275 0.999988 -0.00472203 0.00227282 0.00472498 0.999987 0.087288 0.427759 -0.072459
FixedParameters: 0 0 0

#Transform 72
Transform: AffineTransform_float_3_3
Parameters: 0.999997 0.00156839 -0.00215177 -0.00157861 0.999986 -0.00493762 0.00214423 0.00494138 0.999985 0.0757547 0.417782 -0.0620933
FixedParameters: 0 0 0

#Transform 73
Transform: AffineTransform_float_3_3
Parameters: 0.999999 0.000612311 -0.00123034 -0.000616687 0.999992 -0.00381424 0.00122766 0.00381475 0.999992 -0.00654487 0.343638 -0.1368
FixedParameters: 0 0 0

#Transform 74
Transform: AffineTransform_float_3_3
Parameters: 0.999999 0.000389083 -0.00134631 -0.000397921 0.999982 -0.00588547 0.00134468 0.00588553 0.999982 0.0174295 0.490678 -0.310037
FixedParameters: 0 0 0

#Transform 75
Transform: AffineTransform_float_3_3
Parameters: 0.999999 0.000388756 -0.0014732 -0.000397242 0.999984 -0.00559942 0.0014708 0.00560058 0.999983 0.0298984 0.470258 -0.259722
FixedParameters: 0 0 0

#Transform 76
Transform: AffineTransform_float_3_3
Parameters: 0.999999 0.00121364 -0.00100848 -0.00121836 0.999985 -0.00533078 0.00100152 0.00533122 0.999986 0.0108217 0.449737 -0.222133
FixedParameters: 0 0 0

#Transform 77
Transform: AffineTransform_float_3_3
Parameters: 0.999999 0.000538983 -0.000729982 -0.000543016 0.999984 -0.0055136 0.000727016 0.00551439 0.999984 0.0210359 0.536594 -0.394457
FixedParameters: 0 0 0

#Transform 78
Transform: AffineTransform_float_3_3
Parameters: 0.999998 0.00150394 -0.00147612 -0.00150706 0.999996 -0.00207478 0.00147288 0.00207622 0.999997 0.00584349 0.355286 -0.0358543
FixedParameters: 0 0 0

#Transform 79
Transform: AffineTransform_float_3_3
Parameters: 0.999999 0.00120675 -0.00139469 -0.00121025 0.999994 -0.00304932 0.00139132 0.00305068 0.999995 0.00213883 0.381966 0.0333604
FixedParameters: 0 0 0

#Transform 80
Transform: AffineTransform_float_3_3
Parameters: 0.999994 0.00264867 -0.0023406 -0.00265833 0.999988 -0.0039928 0.0023294 0.00399919 0.99999 0.00092033 0.483137 -0.0507281
FixedParameters: 0 0 0

#Transform 81
Transform: AffineTransform_float_3_3
Parameters: 0.999995 0.002589 -0.00218272 -0.002598 0.999988 -0.00412935 0.00217228 0.00413465 0.999989 -0.0483184 0.47328 -0.101764
FixedParameters: 0 0 0

#Transform 82
Transform: AffineTransform_float_3_3
Parameters: 0.999995 0.00209802 -0.00237995 -0.00210698 0.99999 -0.003777 0.00237205 0.00378199 0.99999 -0.0310561 0.405678 -0.127233
FixedParameters: 0 0 0

#Transform 83
Transform: AffineTransform_float_3_3
Parameters: 0.999994 0.00228921 -0.00282696 -0.00229879 0.999992 -0.00346553 0.00281904 0.00347248 0.99999 -0.0007735 0.402321 -0.128424
FixedParameters: 0 0 0

#Transform 84
Transform: AffineTransform_float_3_3
Parameters: 0.999994 0.00215148 -0.00248453 -0.00215952 0.999993 -0.00302865 0.00247747 0.00303335 0.999993 -0.000571217 0.339344 -0.122315
FixedParameters: 0 0 0

#Transform 85
Transform: AffineTransform_float_3_3
Parameters: 0.999996 0.00194081 -0.00213165 -0.00194719 0.999994 -0.00290386 0.00212635 0.00290814 0.999994 -0.0141647 0.358395 -0.119271
FixedParameters: 0 0 0

#Transform 86
Transform: AffineTransform_float_3_3
Parameters: 0.999996 0.00173316 -0.00248349 -0.00174184 0.999993 -0.00315969 0.00247751 0.00316431 0.999992 0.0129934 0.372022 -0.102171
FixedParameters: 0 0 0

#Transform 87
Transform: AffineTransform_float_3_3
Parameters: 0.999995 0.00181723 -0.00236921 -0.00182377 0.999994 -0.00285969 0.00236479 0.00286431 0.999993 -0.00334219 0.347442 -0.0949479
FixedParameters: 0 0 0

#Transform 88
Transform: AffineTransform_float_3_3
Parameters: 0.999996 0.0019227 -0.00203791 -0.0019303 0.999991 -0.00358408 0.00203109 0.00358792 0.999992 -0.0506716 0.416605 -0.0651559
FixedParameters: 0 0 0

#Transform 89
Transform: AffineTransform_float_3_3
Parameters: 0.999993 0.00319067 -0.00189003 -0.00319533 0.999991 -0.00282298 0.00188098 0.00282902 0.999994 -0.170357 0.383913 -0.0604029
FixedParameters: 0 0 0

#Transform 90
Transform: AffineTransform_float_3_3
Parameters: 0.999992 0.003628 -0.00119427 -0.00363299 0.999984 -0.00420469 0.00117973 0.00420931 0.999991 -0.199998 0.497895 -0.0818474
FixedParameters: 0 0 0

#Transform 91
Transform: AffineTransform_float_3_3
Parameters: 0.999993 0.00258799 -0.0024147 -0.00259701 0.999989 -0.00373675 0.00240531 0.00374225 0.99999 -0.0395338 0.444804 -0.057118
FixedParameters: 0 0 0

#Transform 92
Transform: AffineTransform_float_3_3
Parameters: 0.999994 0.00230203 -0.00263399 -0.00230997 0.999992 -0.00302793 0.00262701 0.00303407 0.999992 -0.0370403 0.403945 -0.00864339
FixedParameters: 0 0 0

#Transform 93
Transform: AffineTransform_float_3_3
Parameters: 0.999996 0.00250682 -0.00164493 -0.00251118 0.999992 -0.00315688 0.00163708 0.00316112 0.999993 -0.101419 0.346505 -0.0195308
FixedParameters: 0 0 0

#Transform 94
Transform: AffineTransform_float_3_3
Parameters: 0.999992 0.00261802 -0.00322458 -0.00263098 0.999989 -0.00402755 0.00321342 0.00403545 0.999986 0.0173659 0.469244 -0.104977
FixedParameters: 0 0 0

#Transform 95
Transform: AffineTransform_float_3_3
Parameters: 0.999994 0.00225754 -0.00270093 -0.00226746 0.999992 -0.0035029 0.00269307 0.0035091 0.99999 -0.0360194 0.455807 -0.126129
FixedParameters: 0 0 0

#Transform 96
Transform: AffineTransform_float_3_3
Parameters: 0.999991 0.00267775 -0.00305513 -0.00268625 0.999992 -0.00302782 0.00304687 0.00303618 0.99999 -0.0288615 0.433904 -0.0637403
FixedParameters: 0 0 0

#Transform 97
Transform: AffineTransform_float_3_3
Parameters: 0.999992 0.00266049 -0.00295849 -0.00267152 0.99999 -0.00355613 0.00294951 0.00356388 0.99999 -0.0354109 0.461949 -0.0806557
FixedParameters: 0 0 0

#Transform 98
Transform: AffineTransform_float_3_3
Parameters: 0.999991 0.00306395 -0.00311788 -0.00307705 0.999986 -0.00419045 0.00310512 0.00419955 0.999987 -0.0270592 0.500912 -0.1038
FixedParameters: 0 0 0

#Transform 99
Transform: AffineTransform_float_3_3
Parameters: 0.99999 0.0030645 -0.00322692 -0.0030765 0.999988 -0.00387611 0.00321509 0.00388589 0.999988 -0.019366 0.459922 -0.119953
FixedParameters: 0 0 0

#Transform 100
Transform: AffineTransform_float_3_3
Parameters: 0.999989 0.00306285 -0.00374462 -0.00307715 0.999988 -0.00377852 0.00373238 0.00379048 0.999986 0.00361596 0.497294 -0.118308
FixedParameters: 0 0 0

#Transform 101
Transform: AffineTransform_float_3_3
Parameters: 0.99999 0.00267833 -0.00338466 -0.00269267 0.999987 -0.00433793 0.00337234 0.00434707 0.999985 -0.0190391 0.517379 -0.122926
FixedParameters: 0 0 0

#Transform 102
Transform: AffineTransform_float_3_3
Parameters: 0.999989 0.00260045 -0.00374454 -0.00261654 0.999987 -0.00442025 0.00373246 0.00442975 0.999983 0.0203486 0.520745 -0.117092
FixedParameters: 0 0 0

#Transform 103
Transform: AffineTransform_float_3_3
Parameters: 0.99999 0.00257055 -0.00347972 -0.00258445 0.999988 -0.00415505 0.00346928 0.00416396 0.999986 0.0019475 0.49502 -0.12221
FixedParameters: 0 0 0

#Transform 104
Transform: AffineTransform_float_3_3
Parameters: 0.999992 0.00244911 -0.00330809 -0.00245989 0.999991 -0.00329189 0.00329991 0.00330011 0.999989 -0.00909729 0.467808 -0.109464
FixedParameters: 0 0 0

#Transform 105
Transform: AffineTransform_float_3_3
Parameters: 0.999991 0.00254189 -0.00317412 -0.0025521 0.999991 -0.00318392 0.00316588 0.00319207 0.99999 -0.0194982 0.434113 -0.0715763
FixedParameters: 0 0 0

#Transform 106
Transform: AffineTransform_float_3_3
Parameters: 0.999993 0.00235071 -0.00313076 -0.0023613 0.999992 -0.00328863 0.00312324 0.00329537 0.999989 -0.0209735 0.441852 -0.0988897
FixedParameters: 0 0 0

#Transform 107
Transform: AffineTransform_float_3_3
Parameters: 0.999993 0.00218581 -0.00309821 -0.00219619 0.999992 -0.00328922 0.00309078 0.00329578 0.99999 -0.0220423 0.442178 -0.121344
FixedParameters: 0 0 0

#Transform 108
Transform: AffineTransform_float_3_3
Parameters: 0.999994 0.00203619 -0.00288296 -0.00204681 0.999992 -0.00340512 0.00287604 0.00341088 0.99999 -0.00978563 0.463011 -0.130598
FixedParameters: 0 0 0

#Transform 109
Transform: AffineTransform_float_3_3
Parameters: 0.999994 0.00165719 -0.00309681 -0.0016678 0.999992 -0.00348986 0.00309119 0.00349514 0.999989 0.00445749 0.45723 -0.112825
FixedParameters: 0 0 0

#Transform 110
Transform: AffineTransform_float_3_3
Parameters: 0.999993 0.00201275 -0.00309834 -0.00202426 0.999992 -0.00363275 0.00309166 0.00363925 0.999988 0.00116784 0.431291 -0.112878
FixedParameters: 0 0 0

#Transform 111
Transform: AffineTransform_float_3_3
Parameters: 0.999994 0.00193057 -0.00303566 -0.00194143 0.999992 -0.00343713 0.00302934 0.00344287 0.99999 0.00173548 0.445415 -0.122004
FixedParameters: 0 0 0

#Transform 112
Transform: AffineTransform_float_3_3
Parameters: 0.999993 0.00186909 -0.00301217 -0.00187891 0.999993 -0.00329036 0.00300583 0.00329564 0.99999 0.000592119 0.4542 -0.158943
FixedParameters: 0 0 0

#Transform 113
Transform: AffineTransform_float_3_3
Parameters: 0.999993 0.00180725 -0.0030973 -0.00181776 0.999993 -0.00347239 0.0030917 0.00347761 0.999989 0.00207755 0.467023 -0.122278
FixedParameters: 0 0 0

#Transform 114
Transform: AffineTransform_float_3_3
Parameters: 0.999996 0.00117602 -0.00259971 -0.00118198 0.999996 -0.00230094 0.00259629 0.00230406 0.999994 -0.0296711 0.385417 -0.0765622
FixedParameters: 0 0 0

#Transform 115
Transform: AffineTransform_float_3_3
Parameters: 0.999996 0.00149115 -0.0023823 -0.00149784 0.999994 -0.00287444 0.0023777 0.00287856 0.999993 -0.0414031 0.41682 -0.0611763
FixedParameters: 0 0 0

#Transform 116
Transform: AffineTransform_float_3_3
Parameters: 0.999996 0.00160905 -0.0025171 -0.00161695 0.999993 -0.00315994 0.0025119 0.00316405 0.999992 -0.02601 0.429736 -0.0829642
FixedParameters: 0 0 0

#Transform 117
Transform: AffineTransform_float_3_3
Parameters: 0.999994 0.0013422 -0.00313079 -0.0013508 0.999995 -0.00280979 0.00312721 0.00281421 0.999991 0.0270598 0.403182 -0.0715383
FixedParameters: 0 0 0

#Transform 118
Transform: AffineTransform_float_3_3
Parameters: 0.999994 0.00160753 -0.00313188 -0.00161747 0.999994 -0.00302395 0.00312712 0.00302904 0.99999 0.0107059 0.438199 -0.0866795
FixedParameters: 0 0 0

#Transform 119
Transform: AffineTransform_float_3_3
Parameters: 0.999994 0.00134699 -0.0031296 -0.00135301 0.999997 -0.00191978 0.00312741 0.00192322 0.999994 -0.0052079 0.365468 -0.0480631
FixedParameters: 0 0 0

#Transform 120
Transform: AffineTransform_float_3_3
Parameters: 0.999994 0.00160984 -0.00313069 -0.00161716 0.999996 -0.00228695 0.00312731 0.00229205 0.999993 -0.00710427 0.365831 -0.0418797
FixedParameters: 0 0 0

#Transform 121
Transform: AffineTransform_float_3_3
Parameters: 0.999994 0.00169107 -0.00302988 -0.00169793 0.999996 -0.00228687 0.00302612 0.00229113 0.999993 -0.00516354 0.365735 -0.0449009
FixedParameters: 0 0 0

#Transform 122
Transform: AffineTransform_float_3_3
Parameters: 0.999999 0.000763465 -0.0015937 -0.000767536 0.999997 -0.00221978 0.0015913 0.00222022 0.999997 -0.0601922 0.376945 -0.0787227
FixedParameters: 0 0 0

#Transform 123
Transform: AffineTransform_float_3_3
Parameters: 0.999998 0.000695818 -0.00147009 -0.000696181 1 -0.000122977 0.00146991 0.000124023 0.999999 -0.0554772 0.252709 -0.00104764
FixedParameters: 0 0 0

#Transform 124
Transform: AffineTransform_float_3_3
Parameters: 0.999999 0.000756705 -0.00116419 -0.000757295 0.999999 -0.000253119 0.00116381 0.000253881 1 -0.104152 0.346597 -0.0171616
FixedParameters: 0 0 0

#Transform 125
Transform: AffineTransform_float_3_3
Parameters: 0.999997 0.00175673 -0.00177424 -0.00176027 0.999997 -0.00184088 0.00177176 0.00184412 0.999996 -0.0969793 0.415388 0.13343
FixedParameters: 0 0 0

#Transform 126
Transform: AffineTransform_float_3_3
Parameters: 0.999998 0.00101492 -0.00133634 -0.00101807 0.999997 -0.00230164 0.00133466 0.00230336 0.999997 -0.133644 0.409147 -0.0527973
FixedParameters: 0 0 0

#Transform 127
Transform: AffineTransform_float_3_3
Parameters: 0.999998 0.00119309 -0.001468 -0.00119891 0.999993 -0.00334625 0.001464 0.00334775 0.999994 -0.111983 0.513645 -0.133577
FixedParameters: 0 0 0

#Transform 128
Transform: AffineTransform_float_3_3
Parameters: 0.999998 0.00148319 -0.00145393 -0.00148781 0.999994 -0.00331385 0.00144908 0.00331616 0.999994 -0.129774 0.462967 -0.113659
FixedParameters: 0 0 0

#Transform 129
Transform: AffineTransform_float_3_3
Parameters: 0.999996 0.00197319 -0.0019001 -0.00197981 0.999991 -0.00358925 0.0018929 0.00359275 0.999992 -0.112251 0.493269 -0.110629
FixedParameters: 0 0 0

#Transform 130
Transform: AffineTransform_float_3_3
Parameters: 0.999997 0.00165579 -0.00170106 -0.00166121 0.999992 -0.00365418 0.00169494 0.00365682 0.999992 -0.128394 0.500568 -0.0989958
FixedParameters: 0 0 0

#Transform 131
Transform: AffineTransform_float_3_3
Parameters: 0.999998 0.00127522 -0.00150122 -0.00127878 0.999996 -0.00251908 0.00149878 0.00252092 0.999995 -0.131724 0.404879 -0.0687532
FixedParameters: 0 0 0

#Transform 132
Transform: AffineTransform_float_3_3
Parameters: 0.999996 0.0015729 -0.00201777 -0.0015791 0.999994 -0.00302683 0.00201323 0.00303018 0.999994 -0.0887763 0.47204 -0.0530393
FixedParameters: 0 0 0

#Transform 133
Transform: AffineTransform_float_3_3
Parameters: 0.999997 0.0017896 -0.00168475 -0.0017944 0.999993 -0.00320699 0.00167925 0.00321002 0.999994 -0.122464 0.474483 -0.0575833
FixedParameters: 0 0 0

#Transform 134
Transform: AffineTransform_float_3_3
Parameters: 0.999996 0.00208404 -0.0020202 -0.00209096 0.999992 -0.00344879 0.0020128 0.00345321 0.999992 -0.100928 0.468994 -0.0855877
FixedParameters: 0 0 0

#Transform 135
Transform: AffineTransform_float_3_3
Parameters: 0.999995 0.00184081 -0.00259112 -0.00184719 0.999995 -0.00277423 0.00258588 0.00277977 0.999993 -0.0887654 0.422105 -0.102187
FixedParameters: 0 0 0

#Transform 136
Transform: AffineTransform_float_3_3
Parameters: 0.999993 0.00169336 -0.0031492 -0.00170264 0.999994 -0.00306066 0.0031448 0.00306635 0.999991 -0.0484147 0.456277 -0.104855
FixedParameters: 0 0 0

#Transform 137
Transform: AffineTransform_float_3_3
Parameters: 0.999996 0.00174515 -0.00213198 -0.00174985 0.999996 -0.00227528 0.00212802 0.00227872 0.999995 -0.114221 0.387064 -0.0695352
FixedParameters: 0 0 0

#Transform 138
Transform: AffineTransform_float_3_3
Parameters: 0.999996 0.00198486 -0.00169368 -0.00198814 0.999997 -0.00185364 0.00169031 0.00185636 0.999997 -0.152922 0.399472 -0.0508438
FixedParameters: 0 0 0

#Transform 139
Transform: AffineTransform_float_3_3
Parameters: 0.999995 0.00190628 -0.00232054 -0.00191272 0.999994 -0.00289757 0.00231546 0.00290243 0.999993 -0.108293 0.455982 -0.0689921
FixedParameters: 0 0 0

#Transform 140
Transform: AffineTransform_float_3_3
Parameters: 0.999996 0.00193592 -0.00232176 -0.00194308 0.999992 -0.00348351 0.00231524 0.0034885 0.999991 -0.1024 0.520102 -0.0812934
FixedParameters: 0 0 0

#Transform 141
Transform: AffineTransform_float_3_3
Parameters: 0.999996 0.00161921 -0.00232046 -0.0016268 0.999993 -0.00336124 0.00231554 0.00336476 0.999991 -0.109641 0.488134 -0.0896612
FixedParameters: 0 0 0

#Transform 142
Transform: AffineTransform_float_3_3
Parameters: 0.999996 0.00175804 -0.0022662 -0.00176596 0.999993 -0.00351701 0.0022598 0.00352099 0.999991 -0.110827 0.506874 -0.127101
FixedParameters: 0 0 0

#Transform 143
Transform: AffineTransform_float_3_3
Parameters: 0.999997 0.00181019 -0.00198225 -0.00181682 0.999993 -0.00344141 0.00197576 0.00344459 0.999992 -0.108078 0.498188 -0.116525
FixedParameters: 0 0 0

#Transform 144
Transform: AffineTransform_float_3_3
Parameters: 0.999995 0.00215896 -0.00232854 -0.00216603 0.999993 -0.00302297 0.00232146 0.00302803 0.999992 -0.0943708 0.438813 -0.0561759
FixedParameters: 0 0 0

#Transform 145
Transform: AffineTransform_float_3_3
Parameters: 0.999996 0.00175568 -0.00197085 -0.00176032 0.999996 -0.00219054 0.00196714 0.00219446 0.999995 -0.125305 0.425019 -0.0349172
FixedParameters: 0 0 0

#Transform 146
Transform: AffineTransform_float_3_3
Parameters: 0.999998 0.00128606 -0.00184705 -0.00128894 0.999998 -0.00159062 0.00184495 0.00159238 0.999997 -0.0872213 0.38345 -0.0375251
FixedParameters: 0 0 0

#Transform 147
Transform: AffineTransform_float_3_3
Parameters: 0.999998 0.000997492 -0.00141477 -0.000999507 0.999998 -0.00177259 0.00141323 0.00177441 0.999997 -0.111164 0.39671 0.0442437
FixedParameters: 0 0 0

#Transform 148
Transform: AffineTransform_float_3_3
Parameters: 0.999997 0.00128103 -0.00200283 -0.00128697 0.999994 -0.00298143 0.00199917 0.00298357 0.999993 -0.0716256 0.481514 -0.0248064
FixedParameters: 0 0 0

#Transform 149
Transform: AffineTransform_float_3_3
Parameters: 0.999997 0.00125359 -0.00209086 -0.00125941 0.999994 -0.00306637 0.00208715 0.00306862 0.999993 -0.0732204 0.487684 -0.0415542
FixedParameters: 0 0 0

#Transform 150
Transform: AffineTransform_float_3_3
Parameters: 0.999998 0.000839207 -0.0017418 -0.000844792 0.999994 -0.00332853 0.0017382 0.00332947 0.999993 -0.0859688 0.506932 -0.0759633
FixedParameters: 0 0 0

#Transform 151
Transform: AffineTransform_float_3_3
Parameters: 0.999998 0.000778076 -0.00194938 -0.000784922 0.999995 -0.00303948 0.00194662 0.00304152 0.999994 -0.0790311 0.486579 -0.0619702
FixedParameters: 0 0 0

#Transform 152
Transform: AffineTransform_float_3_3
Parameters: 0.999996 0.000838889 -0.00242147 -0.000846112 0.999996 -0.00293696 0.00241952 0.00293904 0.999993 -0.0474173 0.479247 -0.0596875
FixedParameters: 0 0 0

#Transform 153
Transform: AffineTransform_float_3_3
Parameters: 0.999997 0.000799005 -0.00202038 -0.000804992 0.999996 -0.00296738 0.00201762 0.00296962 0.999994 -0.0769736 0.481509 -0.0777117
FixedParameters: 0 0 0

#Transform 154
Transform: AffineTransform_float_3_3
Parameters: 0.999998 0.000806677 -0.0017944 -0.000812322 0.999996 -0.00296755 0.0017916 0.00296945 0.999994 -0.0771348 0.48951 -0.0658416
FixedParameters: 0 0 0

#Transform 155
Transform: AffineTransform_float_3_3
Parameters: 0.999999 0.000606963 -0.00169781 -0.000612038 0.999996 -0.00296797 0.00169619 0.00296904 0.999994 -0.088314 0.468813 -0.0416105
FixedParameters: 0 0 0

#Transform 156
Transform: AffineTransform_float_3_3
Parameters: 0.999998 0.000798161 -0.00137623 -0.000801838 0.999996 -0.0027909 0.00137377 0.0027921 0.999995 -0.112441 0.451101 -0.0428051
FixedParameters: 0 0 0

#Transform 157
Transform: AffineTransform_float_3_3
Parameters: 0.999998 0.000637171 -0.002185 -0.000643828 0.999995 -0.0031256 0.002183 0.0031274 0.999992 -0.0542361 0.456595 -0.0628909
FixedParameters: 0 0 0

#Transform 158
Transform: AffineTransform_float_3_3
Parameters: 0.999997 0.000713997 -0.00229882 -0.000723005 0.999992 -0.00391835 0.00229618 0.00391965 0.999989 -0.0422261 0.531779 -0.120788
FixedParameters: 0 0 0

#Transform 159
Transform: AffineTransform_float_3_3
Parameters: 0.999997 0.000749743 -0.00206276 -0.000760259 0.999988 -0.00497645 0.00205924 0.00497756 0.999986 -0.0633977 0.587257 -0.201826
FixedParameters: 0 0 0

#Transform 160
Transform: AffineTransform_float_3_3
Parameters: 0.999998 0.00075364 -0.00218795 -0.000764362 0.999986 -0.00519634 0.00218406 0.00519766 0.999984 -0.0432766 0.655041 -0.168864
FixedParameters: 0 0 0

#Transform 161
Transform: AffineTransform_float_3_3
Parameters: 0.999997 0.000991843 -0.00189377 -0.000998158 0.999993 -0.00378212 0.00189024 0.00378388 0.999991 -0.0987814 0.511763 -0.104046
FixedParameters: 0 0 0

#Transform 162
Transform: AffineTransform_float_3_3
Parameters: 0.999999 0.000765029 -0.00168373 -0.000770969 0.999994 -0.00354871 0.00168027 0.00355029 0.999993 -0.0983793 0.509138 -0.0967915
FixedParameters: 0 0 0

#Transform 163
Transform: AffineTransform_float_3_3
Parameters: 0.999998 0.000959247 -0.00168429 -0.000964752 0.999993 -0.00341838 0.00168071 0.00341962 0.999992 -0.104512 0.520912 -0.0766317
FixedParameters: 0 0 0

#Transform 164
Transform: AffineTransform_float_3_3
Parameters: 1 0.000138936 -2.83167e-05 -0.000138064 0.999998 -0.002279 2.76854e-05 0.00227901 0.999998 -0.126009 0.588197 -0.203825
FixedParameters: 0 0 0

#Transform 165
Transform: AffineTransform_float_3_3
Parameters: 0.999999 0.00106839 -0.000623769 -0.00106961 0.999996 -0.00258934 0.000621233 0.00258967 0.999997 -0.153781 0.548271 -0.115384
FixedParameters: 0 0 0

#Transform 166
Transform: AffineTransform_float_3_3
Parameters: 0.999999 0.000985114 -0.00097991 -0.000987886 0.999995 -0.00294904 0.000977091 0.00294997 0.999995 -0.122492 0.564142 -0.175145
FixedParameters: 0 0 0

#Transform 167
Transform: AffineTransform_float_3_3
Parameters: 0.999998 0.00114213 -0.0011379 -0.00114587 0.999993 -0.0034097 0.0011341 0.0034103 0.999993 -0.104102 0.588133 -0.182597
FixedParameters: 0 0 0

#Transform 168
Transform: AffineTransform_float_3_3
Parameters: 0.999999 0.000852049 -0.000928716 -0.000854952 0.999994 -0.00318221 0.000926284 0.00318279 0.999994 -0.127501 0.541052 -0.17839
FixedParameters: 0 0 0

#Transform 169
Transform: AffineTransform_float_3_3
Parameters: 0.999999 0.000938076 -0.00120506 -0.000941924 0.999994 -0.00325987 0.00120193 0.00326113 0.999994 -0.097999 0.571549 -0.196008
FixedParameters: 0 0 0

#Transform 170
Transform: AffineTransform_float_3_3
Parameters: 1 0.000636162 -0.000922962 -0.000638838 0.999995 -0.00307741 0.000921038 0.00307859 0.999995 -0.115604 0.584313 -0.148081
FixedParameters: 0 0 0

#Transform 171
Transform: AffineTransform_float_3_3
Parameters: 0.999999 0.000973233 -0.00119208 -0.000976765 0.999994 -0.00316284 0.00118892 0.00316416 0.999995 -0.102741 0.543276 -0.13455
FixedParameters: 0 0 0

#Transform 172
Transform: AffineTransform_float_3_3
Parameters: 0.999999 0.000969914 -0.000925246 -0.000972086 0.999994 -0.0033411 0.000921757 0.0033419 0.999994 -0.125221 0.569904 -0.1477
FixedParameters: 0 0 0

#Transform 173
Transform: AffineTransform_float_3_3
Parameters: 0.999998 0.000992401 -0.00127958 -0.0009966 0.999993 -0.00359873 0.00127642 0.00359927 0.999992 -0.0980576 0.599295 -0.165385
FixedParameters: 0 0 0

#Transform 174
Transform: AffineTransform_float_3_3
Parameters: 0.999998 0.00143327 -0.000753225 -0.00143574 0.999993 -0.00364192 0.000748775 0.00364308 0.999993 -0.133393 0.585984 -0.152398
FixedParameters: 0 0 0

#Transform 175
Transform: AffineTransform_float_3_3
Parameters: 0.999999 0.00101027 -0.00113134 -0.00101373 0.999994 -0.00329986 0.00112866 0.00330014 0.999994 -0.117328 0.589867 -0.168764
FixedParameters: 0 0 0

#Transform 176
Transform: AffineTransform_float_3_3
Parameters: 0.999999 0.000829955 -0.00102348 -0.000833048 0.999995 -0.00297915 0.00102152 0.00297985 0.999995 -0.10565 0.581455 -0.123576
FixedParameters: 0 0 0

#Transform 177
Transform: AffineTransform_float_3_3
Parameters: 0.999999 0.00143434 -0.00063177 -0.00143565 0.999995 -0.0026261 0.000628232 0.0026269 0.999997 -0.148119 0.529119 -0.107066
FixedParameters: 0 0 0

#Transform 178
Transform: AffineTransform_float_3_3
Parameters: 0.999999 0.00143396 -0.000632641 -0.00143604 0.999993 -0.00323409 0.000628358 0.0032349 0.999994 -0.159085 0.58464 -0.147869
FixedParameters: 0 0 0

#Transform 179
Transform: AffineTransform_float_3_3
Parameters: 0.999998 0.00143291 -0.000875071 -0.00143608 0.999992 -0.00353475 0.000869928 0.00353625 0.999994 -0.133825 0.606142 -0.135864
FixedParameters: 0 0 0

#Transform 180
Transform: AffineTransform_float_3_3
Parameters: 0.999999 0.00132103 -0.000632129 -0.00132297 0.999994 -0.00312317 0.000628871 0.00312383 0.999995 -0.141051 0.544489 -0.125529
FixedParameters: 0 0 0

#Transform 181
Transform: AffineTransform_float_3_3
Parameters: 0.999998 0.00156033 -0.000632138 -0.00156167 0.999996 -0.00265002 0.000628863 0.00265099 0.999997 -0.154521 0.558924 -0.0939318
FixedParameters: 0 0 0

#Transform 182
Transform: AffineTransform_float_3_3
Parameters: 0.999998 0.00124914 -0.00144934 -0.00125286 0.999995 -0.00266419 0.00144567 0.00266581 0.999996 -0.102448 0.544877 -0.123563
FixedParameters: 0 0 0

#Transform 183
Transform: AffineTransform_float_3_3
Parameters: 0.999998 0.00112179 -0.0017646 -0.00112921 0.999991 -0.00409102 0.00176039 0.00409298 0.99999 -0.0833512 0.647231 -0.183129
FixedParameters: 0 0 0

#Transform 184
Transform: AffineTransform_float_3_3
Parameters: 0.999998 0.000996196 -0.00169302 -0.00100281 0.999992 -0.00402331 0.00168898 0.00402469 0.999991 -0.0672712 0.631183 -0.176791
FixedParameters: 0 0 0

#Transform 185
Transform: AffineTransform_float_3_3
Parameters: 0.999999 0.000965325 -0.00146974 -0.000971677 0.999992 -0.00386558 0.00146626 0.00386742 0.999992 -0.0843359 0.613616 -0.176985
FixedParameters: 0 0 0

#Transform 186
Transform: AffineTransform_float_3_3
Parameters: 0.999999 0.000934396 -0.00122652 -0.000939603 0.999993 -0.00375885 0.00122248 0.00376015 0.999992 -0.101135 0.615992 -0.166267
FixedParameters: 0 0 0

#Transform 187
Transform: AffineTransform_float_3_3
Parameters: 0.999998 0.00102738 -0.00137521 -0.00103362 0.999991 -0.00409158 0.00137078 0.00409341 0.99999 -0.095957 0.64028 -0.189169
FixedParameters: 0 0 0

#Transform 188
Transform: AffineTransform_float_3_3
