# transform file /out/sourcedata/freesurfer/sub-v1s9x0051330_ses-1/mri/transforms/cc_up.lta
# created by oesteban on Tue Mar 10 09:01:02 2026

type      = 0 # LINEAR_VOX_TO_VOX
nxforms   = 1
mean      = 131.0000 105.0000 117.0000
sigma     = 10000.0000
1 4 4
9.948449134826660e-01 -3.773100301623344e-02 9.412708133459091e-02 -8.772648811340332e+00 
3.756324574351311e-02 9.992879629135132e-01 3.554040100425482e-03 3.381008911132812e+01 
-9.419415146112442e-02 0.000000000000000e+00 9.955537915229797e-01 3.269088363647461e+01 
0.000000000000000e+00 0.000000000000000e+00 0.000000000000000e+00 1.000000000000000e+00 
src volume info
valid = 1  # volume info valid
filename = /out/sourcedata/freesurfer/sub-v1s9x0051330_ses-1/mri/norm.mgz
volume = 256 256 256
voxelsize = 1.000000000000000e+00 1.000000000000000e+00 1.000000000000000e+00
xras   = -1.000000000000000e+00 0.000000000000000e+00 0.000000000000000e+00
yras   = 0.000000000000000e+00 0.000000000000000e+00 -1.000000000000000e+00
zras   = 0.000000000000000e+00 1.000000000000000e+00 0.000000000000000e+00
cras   = 4.942581176757812e+00 -3.600341796875000e+00 -2.026641845703125e+00
dst volume info
valid = 1  # volume info valid
filename = /out/sourcedata/freesurfer/sub-v1s9x0051330_ses-1/mri/norm.mgz
volume = 256 256 256
voxelsize = 1.000000000000000e+00 1.000000000000000e+00 1.000000000000000e+00
xras   = -1.000000000000000e+00 0.000000000000000e+00 0.000000000000000e+00
yras   = 0.000000000000000e+00 0.000000000000000e+00 -1.000000000000000e+00
zras   = 0.000000000000000e+00 1.000000000000000e+00 0.000000000000000e+00
cras   = 4.942581176757812e+00 -3.600341796875000e+00 -2.026641845703125e+00
