# transform file /out/sourcedata/freesurfer/sub-v1s9x0051356_ses-1/mri/transforms/cc_up.lta
# created by oesteban on Tue Mar 10 09:05:40 2026

type      = 0 # LINEAR_VOX_TO_VOX
nxforms   = 1
mean      = 129.0000 97.0000 113.0000
sigma     = 10000.0000
1 4 4
9.986013770103455e-01 -2.731534652411938e-02 4.526971280574799e-02 -3.412856578826904e+00 
2.728732116520405e-02 9.996269345283508e-01 1.237019314430654e-03 4.838071441650391e+01 
-4.528661072254181e-02 0.000000000000000e+00 9.989741444587708e-01 2.594280624389648e+01 
0.000000000000000e+00 0.000000000000000e+00 0.000000000000000e+00 1.000000000000000e+00 
src volume info
valid = 1  # volume info valid
filename = /out/sourcedata/freesurfer/sub-v1s9x0051356_ses-1/mri/norm.mgz
volume = 256 256 256
voxelsize = 1.000000000000000e+00 1.000000000000000e+00 1.000000000000000e+00
xras   = -1.000000000000000e+00 0.000000000000000e+00 0.000000000000000e+00
yras   = 0.000000000000000e+00 0.000000000000000e+00 -1.000000000000000e+00
zras   = 0.000000000000000e+00 1.000000000000000e+00 0.000000000000000e+00
cras   = 5.071792602539062e-01 -6.245056152343750e+00 4.205537414550781e+01
dst volume info
valid = 1  # volume info valid
filename = /out/sourcedata/freesurfer/sub-v1s9x0051356_ses-1/mri/norm.mgz
volume = 256 256 256
voxelsize = 1.000000000000000e+00 1.000000000000000e+00 1.000000000000000e+00
xras   = -1.000000000000000e+00 0.000000000000000e+00 0.000000000000000e+00
yras   = 0.000000000000000e+00 0.000000000000000e+00 -1.000000000000000e+00
zras   = 0.000000000000000e+00 1.000000000000000e+00 0.000000000000000e+00
cras   = 5.071792602539062e-01 -6.245056152343750e+00 4.205537414550781e+01
