#Insight Transform File V1.0
#Transform 0
Transform: AffineTransform_float_3_3
Parameters: 0.999996 0.00142847 -0.00216784 -0.00141553 0.999983 0.00574209 0.00217616 -0.00573991 0.999981 -0.10845 0.125899 0.183028
FixedParameters: 0 0 0

#Transform 1
Transform: AffineTransform_float_3_3
Parameters: 0.999997 0.00137244 -0.00202026 -0.00135756 0.999973 0.00713376 0.00202974 -0.00713124 0.999973 -0.11153 0.139208 0.232223
FixedParameters: 0 0 0

#Transform 2
Transform: AffineTransform_float_3_3
Parameters: 0.999997 0.0013044 -0.00202141 -0.0012906 0.999978 0.00661763 0.00202958 -0.00661437 0.999976 -0.103724 0.175375 0.213577
FixedParameters: 0 0 0

#Transform 3
Transform: AffineTransform_float_3_3
Parameters: 0.999998 0.000938243 -0.00202483 -0.000926758 0.999984 0.00554589 0.00203017 -0.00554411 0.999982 -0.091773 0.184619 0.159841
FixedParameters: 0 0 0

#Transform 4
Transform: AffineTransform_float_3_3
Parameters: 0.999997 0.00121319 -0.00202393 -0.00120281 0.999986 0.00502845 0.00203007 -0.00502555 0.999986 -0.0989955 0.186485 0.143998
FixedParameters: 0 0 0

#Transform 5
Transform: AffineTransform_float_3_3
Parameters: 0.999998 0.0013535 -0.00140889 -0.0013445 0.999981 0.00601391 0.00141711 -0.00601209 0.999981 -0.105116 0.180594 0.191671
FixedParameters: 0 0 0

#Transform 6
Transform: AffineTransform_float_3_3
Parameters: 0.999997 0.00161418 -0.00138724 -0.00160382 0.999972 0.00731124 0.00139876 -0.00730876 0.999973 -0.109836 0.143829 0.222599
FixedParameters: 0 0 0

#Transform 7
Transform: AffineTransform_float_3_3
Parameters: 0.999998 0.000864966 -0.00142861 -0.000856037 0.99998 0.00626523 0.00143339 -0.00626377 0.99998 -0.0906005 0.157356 0.165203
FixedParameters: 0 0 0

#Transform 8
Transform: AffineTransform_float_3_3
Parameters: 0.999999 0.000861188 -0.00118725 -0.000855814 0.99999 0.00436302 0.00119074 -0.00436198 0.99999 -0.0830309 0.171018 0.0762256
FixedParameters: 0 0 0

#Transform 9
Transform: AffineTransform_float_3_3
Parameters: 0.999997 0.00198531 -0.00143029 -0.00197869 0.999989 0.00439785 0.00143871 -0.00439416 0.99999 -0.125091 0.223376 0.0790039
FixedParameters: 0 0 0

#Transform 10
Transform: AffineTransform_float_3_3
Parameters: 0.999998 0.00153998 -0.00124888 -0.00153502 0.999991 0.00398093 0.00125412 -0.00397908 0.999992 -0.0986668 0.157189 0.0670728
FixedParameters: 0 0 0

#Transform 11
Transform: AffineTransform_float_3_3
Parameters: 0.999997 0.00157023 -0.0015427 -0.00156477 0.999993 0.00338242 0.0015483 -0.00338058 0.999993 -0.0921995 0.210299 0.0689215
FixedParameters: 0 0 0

#Transform 12
Transform: AffineTransform_float_3_3
Parameters: 0.999996 0.0017517 -0.00197645 -0.0017423 0.999987 0.00489846 0.00198555 -0.00489454 0.999986 -0.116987 0.103924 0.143737
FixedParameters: 0 0 0

#Transform 13
Transform: AffineTransform_float_3_3
Parameters: 0.999996 0.000737355 -0.00293672 -0.000716651 0.999974 0.00726614 0.00294129 -0.00726387 0.99997 -0.0633096 0.106725 0.214757
FixedParameters: 0 0 0

#Transform 14
Transform: AffineTransform_float_3_3
Parameters: 0.999997 0.000609045 -0.00262566 -0.000589954 0.999973 0.00724757 0.00263035 -0.00724642 0.999971 -0.0653407 0.154325 0.201175
FixedParameters: 0 0 0

#Transform 15
Transform: AffineTransform_float_3_3
Parameters: 0.999997 0.000804293 -0.00230572 -0.000788705 0.999977 0.00662584 0.00231128 -0.00662416 0.999976 -0.0740748 0.160579 0.151312
FixedParameters: 0 0 0

#Transform 16
Transform: AffineTransform_float_3_3
Parameters: 0.999997 0.000698988 -0.00201055 -0.00068901 0.999988 0.0049644 0.00201444 -0.0049626 0.999985 -0.0721339 0.205434 0.0928521
FixedParameters: 0 0 0

#Transform 17
Transform: AffineTransform_float_3_3
Parameters: 0.999996 0.000528413 -0.0025791 -0.000509586 0.999971 0.00752234 0.00258291 -0.00752066 0.999969 -0.0690475 0.131296 0.189825
FixedParameters: 0 0 0

#Transform 18
Transform: AffineTransform_float_3_3
Parameters: 0.999999 0.000501998 0.0017525 -0.000486007 0.999959 -0.00911687 -0.0017565 0.00911614 0.999957 0.11224 -0.513766 -1.11566
FixedParameters: 0 0 0

#Transform 19
Transform: AffineTransform_float_3_3
Parameters: 0.999999 0.000878023 -8.9314e-06 -0.000877976 0.999997 0.00235601 1.10685e-05 -0.00235599 0.999997 -0.026341 -0.271564 0.0605033
FixedParameters: 0 0 0

#Transform 20
Transform: AffineTransform_float_3_3
Parameters: 1 0.000368896 0.000167229 -0.000369104 0.999999 0.000621938 -0.00016677 -0.000622061 1 -0.0156361 -0.0102358 0.0187654
FixedParameters: 0 0 0

#Transform 21
Transform: AffineTransform_float_3_3
Parameters: 1 0.000405125 -0.00022978 -0.000404875 1 0.000542093 0.00023022 -0.000542907 1 -0.0105439 -0.00785447 0.0167822
FixedParameters: 0 0 0

#Transform 22
Transform: AffineTransform_float_3_3
Parameters: 1 -9.14687e-05 -0.000412897 9.05312e-05 1 -0.00113504 0.000413103 0.00113496 1 0.00476603 0.031199 -0.0276159
FixedParameters: 0 0 0

#Transform 23
Transform: AffineTransform_float_3_3
Parameters: 1 -0.000177601 -0.000381721 0.000176398 0.999998 -0.00157507 0.000382278 0.00157493 0.999998 0.019321 0.0211223 -0.0541238
FixedParameters: 0 0 0

#Transform 24
Transform: AffineTransform_float_3_3
Parameters: 1 -0.000300537 -0.000282429 0.000299463 0.999998 -0.00190109 0.00028257 0.00190092 0.999998 0.027677 0.0520979 -0.0731716
FixedParameters: 0 0 0

#Transform 25
Transform: AffineTransform_float_3_3
Parameters: 0.999999 -0.000704525 -0.000228388 0.000704476 0.999997 -0.00228916 0.000229613 0.00228884 0.999998 0.0351659 0.0637841 -0.065525
FixedParameters: 0 0 0

#Transform 26
Transform: AffineTransform_float_3_3
Parameters: 0.999999 -0.000704881 -0.000398445 0.000704117 0.999998 -0.00220828 0.000400556 0.00220772 0.999998 0.0484477 0.0612392 -0.054538
FixedParameters: 0 0 0

#Transform 27
Transform: AffineTransform_float_3_3
Parameters: 0.999999 -0.000704506 -0.000228445 0.000704495 0.999998 -0.00220816 0.000229556 0.00220784 0.999997 0.0457835 0.0613206 -0.073258
FixedParameters: 0 0 0

#Transform 28
Transform: AffineTransform_float_3_3
Parameters: 0.999999 -0.000703461 0.000218739 0.000704539 0.999996 -0.00247185 -0.000217259 0.00247215 0.999997 0.0430556 0.0619968 -0.119312
FixedParameters: 0 0 0

#Transform 29
Transform: AffineTransform_float_3_3
Parameters: 0.999999 -0.000772728 0.000373642 0.000774273 0.999994 -0.00341671 -0.000371357 0.00341629 0.999994 0.0524317 0.0731786 -0.170957
FixedParameters: 0 0 0

#Transform 30
Transform: AffineTransform_float_3_3
Parameters: 1 -0.00101935 0.000193457 0.00101965 0.999993 -0.0033898 -0.000189546 0.00338919 0.999994 0.0639222 0.0722175 -0.164728
FixedParameters: 0 0 0

#Transform 31
Transform: AffineTransform_float_3_3
Parameters: 1 -9.11825e-05 0.000496337 9.28162e-05 0.999994 -0.00366296 -0.000495663 0.00366305 0.999993 0.032428 0.0895484 -0.186685
FixedParameters: 0 0 0

#Transform 32
Transform: AffineTransform_float_3_3
Parameters: 1 -0.00101591 0.000547887 0.00101808 0.999992 -0.00382145 -0.000543114 0.00382156 0.999993 0.061513 0.0689359 -0.182062
FixedParameters: 0 0 0

#Transform 33
Transform: AffineTransform_float_3_3
Parameters: 1 -0.0010325 0.000151463 0.0010325 0.999994 -0.00335285 -0.000147539 0.00335315 0.999995 0.0655267 0.0830311 -0.169004
FixedParameters: 0 0 0

#Transform 34
Transform: AffineTransform_float_3_3
Parameters: 0.999999 -0.000921882 4.07455e-05 0.000922118 0.999995 -0.00297796 -3.82541e-05 0.00297804 0.999995 0.0661174 0.0670314 -0.131738
FixedParameters: 0 0 0

#Transform 35
Transform: AffineTransform_float_3_3
Parameters: 0.999999 -0.00170859 0.000533531 0.00170941 0.999995 -0.00265009 -0.000529472 0.00265091 0.999997 0.0964179 0.105218 -0.168608
FixedParameters: 0 0 0

#Transform 36
Transform: AffineTransform_float_3_3
Parameters: 0.999998 -0.00190588 0.00042013 0.00190712 0.999994 -0.0026902 -0.000414871 0.0026908 0.999997 0.108648 0.0604781 -0.186799
FixedParameters: 0 0 0

#Transform 37
Transform: AffineTransform_float_3_3
Parameters: 0.999999 -0.0017697 0.000420512 0.0017713 0.999993 -0.00311326 -0.000414487 0.00311374 0.999995 0.102696 0.0782666 -0.188121
FixedParameters: 0 0 0

#Transform 38
Transform: AffineTransform_float_3_3
Parameters: 0.999999 -0.00176422 -8.97854e-05 0.00176378 0.999995 -0.00238916 9.42156e-05 0.00238984 0.999997 0.0940224 0.0735124 -0.13439
FixedParameters: 0 0 0

#Transform 39
Transform: AffineTransform_float_3_3
Parameters: 1 -0.00110257 0.000418776 0.00110342 0.999993 -0.00342254 -0.000414225 0.00342346 0.999994 0.101753 0.134926 -0.117795
FixedParameters: 0 0 0

#Transform 40
Transform: AffineTransform_float_3_3
Parameters: 1 -0.000500259 0.000417097 0.000501741 0.999991 -0.00418479 -0.000414904 0.00418421 0.999991 0.0531802 -0.0632456 -0.238965
FixedParameters: 0 0 0

#Transform 41
Transform: AffineTransform_float_3_3
Parameters: 1 -0.000502871 -0.000232121 0.000502129 0.999993 -0.00374012 0.00023388 0.00373988 0.999993 0.0547504 0.124903 -0.195855
FixedParameters: 0 0 0

#Transform 42
Transform: AffineTransform_float_3_3
Parameters: 0.999999 -0.00083796 -0.000230537 0.000837042 0.999991 -0.0041352 0.000233463 0.00413481 0.999992 0.0760639 0.00257733 -0.411857
FixedParameters: 0 0 0

#Transform 43
Transform: AffineTransform_float_3_3
Parameters: 0.999993 0.00139225 0.00332814 -0.00136574 0.999968 -0.0078786 -0.00333886 0.00787341 0.999964 -0.157219 -1.14463 -1.77898
FixedParameters: 0 0 0

#Transform 44
Transform: AffineTransform_float_3_3
Parameters: 0.999995 0.00264976 0.00131159 -0.00265424 0.999991 0.00323953 -0.0013034 -0.00324247 0.999994 -0.113987 -0.357076 -0.202892
FixedParameters: 0 0 0

#Transform 45
Transform: AffineTransform_float_3_3
Parameters: 0.999997 0.00100023 0.00232149 -0.00100577 0.999997 0.00248467 -0.00231951 -0.00248633 0.999994 -0.056452 -0.253711 -0.0744766
FixedParameters: 0 0 0

#Transform 46
Transform: AffineTransform_float_3_3
Parameters: 0.999996 0.00119645 0.0022777 -0.00121156 0.999979 0.00639926 -0.00227029 -0.00640174 0.999977 -0.0426955 -0.258635 0.0127074
FixedParameters: 0 0 0

#Transform 47
Transform: AffineTransform_float_3_3
Parameters: 0.999997 0.00157817 0.00198804 -0.00158683 0.999989 0.00444686 -0.00198096 -0.00445014 0.999988 -0.07589 -0.0447525 0.018407
FixedParameters: 0 0 0

#Transform 48
Transform: AffineTransform_float_3_3
Parameters: 0.999999 0.000751549 0.00168689 -0.000757452 0.999993 0.00382673 -0.00168411 -0.00382827 0.999992 -0.0306724 -0.351281 -0.0427909
FixedParameters: 0 0 0

#Transform 49
Transform: AffineTransform_float_3_3
Parameters: 0.999999 0.000740215 0.00168655 -0.000745788 0.999994 0.00343275 -0.00168445 -0.00343325 0.999992 -0.0363139 -0.170231 -0.0439433
FixedParameters: 0 0 0

#Transform 50
Transform: AffineTransform_float_3_3
Parameters: 0.999998 0.000866293 0.00187365 -0.000872705 0.999995 0.00304737 -0.00187035 -0.00304863 0.999993 -0.0358679 -0.124641 -0.0762758
FixedParameters: 0 0 0

#Transform 51
Transform: AffineTransform_float_3_3
Parameters: 0.999997 0.000573519 0.00208968 -0.000576481 0.999999 0.0011868 -0.00208932 -0.0011882 0.999997 -0.0129382 -0.116051 -0.0993854
FixedParameters: 0 0 0

#Transform 52
Transform: AffineTransform_float_3_3
Parameters: 0.999999 0.000309838 0.00168422 -0.000311163 0.999999 0.000690477 -0.00168379 -0.000690523 0.999999 -0.00395733 -0.115145 -0.0958837
FixedParameters: 0 0 0

#Transform 53
Transform: AffineTransform_float_3_3
Parameters: 0.999997 0.00117542 0.00238126 -0.00118158 0.999995 0.0027632 -0.00237874 -0.00276581 0.999994 -0.0458755 -0.193022 -0.0349675
FixedParameters: 0 0 0

#Transform 54
Transform: AffineTransform_float_3_3
Parameters: 0.999998 0.000188002 0.00168422 -0.000189997 1 0.00118568 -0.00168377 -0.00118632 0.999998 0.0168597 -0.0926699 -0.116562
FixedParameters: 0 0 0

#Transform 55
Transform: AffineTransform_float_3_3
Parameters: 0.999996 0.00134603 0.0025396 -0.00136396 0.999974 0.00708656 -0.00252939 -0.00709043 0.999971 -0.0601593 -0.0688749 0.101702
FixedParameters: 0 0 0

#Transform 56
Transform: AffineTransform_float_3_3
Parameters: 0.999997 0.00102583 0.00217583 -0.00103618 0.999989 0.00467976 -0.00217117 -0.00468224 0.999986 -0.0500777 -0.14772 0.00726153
FixedParameters: 0 0 0

#Transform 57
Transform: AffineTransform_float_3_3
Parameters: 0.999999 0.0012067 0.000589094 -0.0012123 0.99994 0.0108223 -0.000575914 -0.0108227 0.999942 -0.137445 -0.2457 0.638017
FixedParameters: 0 0 0

#Transform 58
Transform: AffineTransform_float_3_3
Parameters: 0.999984 0.00534871 0.00170553 -0.0053833 0.999769 0.0207791 -0.00159445 -0.0207888 0.999782 -0.316865 0.00844427 1.16406
FixedParameters: 0 0 0

#Transform 59
Transform: AffineTransform_float_3_3
Parameters: 0.999929 0.00880397 0.00795926 -0.00894801 0.999793 0.0182441 -0.00779673 -0.0183139 0.999802 -0.329417 -0.221623 -0.648145
FixedParameters: 0 0 0

#Transform 60
Transform: AffineTransform_float_3_3
Parameters: 0.999956 0.00824178 0.00443226 -0.00832722 0.999774 0.0195659 -0.00426973 -0.019602 0.999798 -0.366113 -0.264989 -0.887321
FixedParameters: 0 0 0

#Transform 61
Transform: AffineTransform_float_3_3
Parameters: 0.999992 0.00405918 -0.000992458 -0.00404682 0.99992 0.0119781 0.00104154 -0.0119739 0.999928 -0.189045 -0.160557 0.383579
FixedParameters: 0 0 0

#Transform 62
Transform: AffineTransform_float_3_3
Parameters: 0.999992 0.00389561 -0.00141316 -0.00387239 0.99987 0.0156656 0.00147383 -0.0156594 0.999877 -0.154184 -0.194656 0.4515
FixedParameters: 0 0 0

#Transform 63
Transform: AffineTransform_float_3_3
Parameters: 0.999994 0.00362719 -0.000355559 -0.00362182 0.999901 0.0136404 0.000404437 -0.0136386 0.999907 -0.129132 -0.142768 0.405039
FixedParameters: 0 0 0

#Transform 64
Transform: AffineTransform_float_3_3
Parameters: 0.999994 0.00339196 -0.000756135 -0.00338404 0.999942 0.0102916 0.000790866 -0.0102894 0.999947 -0.126514 -0.0438817 0.31463
FixedParameters: 0 0 0

#Transform 65
Transform: AffineTransform_float_3_3
Parameters: 0.999994 0.00324438 -0.00120068 -0.00323261 0.999951 0.00936394 0.00123132 -0.00936006 0.999956 -0.111971 -0.0511308 0.302803
FixedParameters: 0 0 0

#Transform 66
Transform: AffineTransform_float_3_3
Parameters: 0.999995 0.0032417 -0.000845297 -0.0032323 0.999943 0.0101028 0.000877696 -0.0101002 0.999948 -0.113862 -0.10339 0.344491
FixedParameters: 0 0 0

#Transform 67
Transform: AffineTransform_float_3_3
Parameters: 0.999995 0.00299161 -0.00082646 -0.0029824 0.999944 0.0102245 0.000856534 -0.0102215 0.999948 -0.0998429 -0.0785048 0.351897
FixedParameters: 0 0 0

#Transform 68
Transform: AffineTransform_float_3_3
Parameters: 0.999992 0.00375721 -0.0014633 -0.00373279 0.999861 0.0162096 0.0015237 -0.0162044 0.999867 -0.109813 -0.0349429 0.368196
FixedParameters: 0 0 0

#Transform 69
Transform: AffineTransform_float_3_3
Parameters: 0.999993 0.00368975 -0.000312264 -0.00368426 0.999853 0.0167443 0.000373739 -0.0167427 0.99986 -0.124624 -0.138884 0.491741
FixedParameters: 0 0 0

#Transform 70
Transform: AffineTransform_float_3_3
Parameters: 0.999993 0.00340066 -0.0010589 -0.00338434 0.999877 0.0153577 0.0011111 -0.0153543 0.999882 -0.134301 0.0179015 0.513749
FixedParameters: 0 0 0

#Transform 71
Transform: AffineTransform_float_3_3
Parameters: 0.999986 0.00512885 -0.0012081 -0.00510315 0.999776 0.0205054 0.00131291 -0.0204995 0.999789 -0.22105 -0.176436 0.571015
FixedParameters: 0 0 0

#Transform 72
Transform: AffineTransform_float_3_3
Parameters: 0.999992 0.00409957 -0.00063034 -0.00408344 0.999695 0.0243568 0.000729672 -0.0243542 0.999703 -0.175053 -0.317498 0.691004
FixedParameters: 0 0 0

#Transform 73
Transform: AffineTransform_float_3_3
Parameters: 0.999992 0.00369456 -0.00111556 -0.00366845 0.99973 0.0229373 0.00119945 -0.0229328 0.999737 -0.149529 -0.122028 0.613555
FixedParameters: 0 0 0

#Transform 74
Transform: AffineTransform_float_3_3
Parameters: 0.999994 0.00340875 -0.00128259 -0.00338525 0.999831 0.0180805 0.00134442 -0.0180765 0.999835 -0.119845 -0.068669 0.498768
FixedParameters: 0 0 0

#Transform 75
Transform: AffineTransform_float_3_3
Parameters: 0.999995 0.00301652 -0.00096164 -0.00300049 0.999856 0.016741 0.00101137 -0.016738 0.99986 -0.0982473 -0.0724805 0.473104
FixedParameters: 0 0 0

#Transform 76
Transform: AffineTransform_float_3_3
Parameters: 0.999995 0.00282183 -0.000910247 -0.00280717 0.999869 0.0159016 0.000954757 -0.0158994 0.999873 -0.0952189 -0.0357084 0.473983
FixedParameters: 0 0 0

#Transform 77
Transform: AffineTransform_float_3_3
Parameters: 0.999993 0.0032094 -0.00199742 -0.00316758 0.999777 0.0208825 0.00206459 -0.0208755 0.99978 -0.11362 -0.122725 0.603003
FixedParameters: 0 0 0

#Transform 78
Transform: AffineTransform_float_3_3
Parameters: 0.999994 0.00307922 -0.00117428 -0.00305876 0.999854 0.0168517 0.00122671 -0.0168483 0.999858 -0.105234 -0.0754541 0.466175
FixedParameters: 0 0 0

#Transform 79
Transform: AffineTransform_float_3_3
Parameters: 0.999996 0.00290622 -0.000181423 -0.00290379 0.999933 0.0112136 0.000213576 -0.0112134 0.999937 -0.105113 -0.105134 0.260391
FixedParameters: 0 0 0

#Transform 80
Transform: AffineTransform_float_3_3
Parameters: 0.999997 0.00208141 -0.000464662 -0.00207758 0.999954 0.00930098 0.000484343 -0.00930001 0.999956 -0.0673941 0.0457095 0.24064
FixedParameters: 0 0 0

#Transform 81
Transform: AffineTransform_float_3_3
Parameters: 0.999997 0.00232941 -0.000641663 -0.00232358 0.999963 0.00831152 0.000661335 -0.00831048 0.999966 -0.0764056 -0.0241461 0.218083
FixedParameters: 0 0 0

#Transform 82
Transform: AffineTransform_float_3_3
Parameters: 0.999996 0.00258281 -0.00107916 -0.00257319 0.999964 0.00808381 0.00110083 -0.00808019 0.999966 -0.0671752 -0.0403503 0.19206
FixedParameters: 0 0 0

#Transform 83
Transform: AffineTransform_float_3_3
Parameters: 0.999991 0.00356172 -0.00228987 -0.00352528 0.999869 0.0158432 0.00234613 -0.0158348 0.999872 -0.109186 -0.00653214 0.443402
FixedParameters: 0 0 0

#Transform 84
Transform: AffineTransform_float_3_3
Parameters: 0.99999 0.00421556 -0.00100523 -0.00419544 0.999816 0.0187304 0.00108376 -0.0187256 0.999824 -0.163652 -0.131902 0.492754
FixedParameters: 0 0 0

#Transform 85
Transform: AffineTransform_float_3_3
Parameters: 0.999992 0.00398714 8.28704e-05 -0.00398786 0.99976 0.0215318 2.86801e-06 -0.0215322 0.999768 -0.13983 -0.172488 0.527193
FixedParameters: 0 0 0

#Transform 86
Transform: AffineTransform_float_3_3
Parameters: 0.999996 0.00303234 -0.000364375 -0.00302465 0.99982 0.0186952 0.000421621 -0.0186948 0.999825 -0.0966653 -0.211147 0.412246
FixedParameters: 0 0 0

#Transform 87
Transform: AffineTransform_float_3_3
Parameters: 0.999996 0.00262777 -0.00103229 -0.00261122 0.99987 0.0159238 0.00107471 -0.0159212 0.999872 -0.0921962 -0.100609 0.301717
FixedParameters: 0 0 0

#Transform 88
Transform: AffineTransform_float_3_3
Parameters: 0.999995 0.00329033 -0.000686202 -0.00328166 0.999925 0.0118073 0.000725794 -0.0118047 0.99993 -0.120887 0.0211459 0.243734
FixedParameters: 0 0 0

#Transform 89
Transform: AffineTransform_float_3_3
Parameters: 0.999994 0.00328328 -9.63966e-05 -0.00328173 0.999933 0.0111504 0.000132599 -0.0111496 0.999938 -0.110931 -0.0406566 0.187943
FixedParameters: 0 0 0

#Transform 90
Transform: AffineTransform_float_3_3
Parameters: 0.999992 0.00381271 -0.00103843 -0.00379829 0.999898 0.0138151 0.00109157 -0.013811 0.999904 -0.139767 -0.01529 0.354738
FixedParameters: 0 0 0

#Transform 91
Transform: AffineTransform_float_3_3
Parameters: 0.999995 0.00286759 -0.00144051 -0.00285041 0.999923 0.0120662 0.00147549 -0.0120618 0.999926 -0.0737995 -0.24453 0.340505
FixedParameters: 0 0 0

#Transform 92
Transform: AffineTransform_float_3_3
Parameters: 0.999996 0.002402 -0.00151244 -0.002387 0.999948 0.00984265 0.00153557 -0.00983935 0.999951 -0.0741565 0.00590291 0.229614
FixedParameters: 0 0 0

#Transform 93
Transform: AffineTransform_float_3_3
Parameters: 0.999996 0.00216928 -0.00143159 -0.00215472 0.999948 0.00990411 0.00145241 -0.00990088 0.99995 -0.0658484 -0.0169175 0.169211
FixedParameters: 0 0 0

#Transform 94
Transform: AffineTransform_float_3_3
Parameters: 0.999997 0.00241123 -0.000621292 -0.00240477 0.999948 0.00984552 0.000644705 -0.00984348 0.999952 -0.0686352 0.0115498 0.139265
FixedParameters: 0 0 0

#Transform 95
Transform: AffineTransform_float_3_3
Parameters: 0.999998 0.00216418 -0.000817093 -0.00215482 0.999937 0.0110708 0.000840906 -0.0110692 0.999939 -0.063611 -0.0411831 0.186584
FixedParameters: 0 0 0

#Transform 96
Transform: AffineTransform_float_3_3
Parameters: 0.999997 0.00210041 -0.00137168 -0.00208459 0.999935 0.0111449 0.00139432 -0.0111421 0.999937 -0.0528669 -0.0591417 0.206958
FixedParameters: 0 0 0

#Transform 97
Transform: AffineTransform_float_3_3
Parameters: 0.999997 0.0021882 -0.00106326 -0.00217681 0.999944 0.0104214 0.00108574 -0.0104187 0.999945 -0.0616512 -0.0184771 0.206728
FixedParameters: 0 0 0

#Transform 98
Transform: AffineTransform_float_3_3
Parameters: 0.999999 0.000942945 -0.0015178 -0.000913052 0.999808 0.0196104 0.0015362 -0.0196086 0.999806 -0.0340835 -0.0946359 0.919174
FixedParameters: 0 0 0

#Transform 99
Transform: AffineTransform_float_3_3
Parameters: 0.999989 0.00449555 -0.00180973 -0.00444945 0.999691 0.0244303 0.00191925 -0.0244216 0.9997 -0.1133 -0.0906038 0.575394
FixedParameters: 0 0 0

#Transform 100
Transform: AffineTransform_float_3_3
Parameters: 0.999977 0.00631289 -0.00253794 -0.0062111 0.999246 0.0383306 0.00277806 -0.0383133 0.999262 -0.0884367 -0.525222 0.48066
FixedParameters: 0 0 0

#Transform 101
Transform: AffineTransform_float_3_3
Parameters: 0.99999 0.00425861 -0.00149909 -0.00422437 0.99974 0.0223786 0.00159492 -0.0223724 0.999749 -0.141193 -0.321291 0.716128
FixedParameters: 0 0 0

#Transform 102
Transform: AffineTransform_float_3_3
Parameters: 0.999992 0.00352439 -0.00147908 -0.00349558 0.999817 0.0187813 0.00154591 -0.0187757 0.999823 -0.130035 -0.13902 0.45889
FixedParameters: 0 0 0

#Transform 103
Transform: AffineTransform_float_3_3
Parameters: 0.999991 0.00380635 -0.00147204 -0.00378064 0.99985 0.0168617 0.00153595 -0.0168553 0.999857 -0.125411 -0.141622 0.38194
FixedParameters: 0 0 0

#Transform 104
Transform: AffineTransform_float_3_3
Parameters: 0.999993 0.00345007 -0.000774035 -0.00343793 0.99988 0.0150888 0.000825964 -0.0150862 0.999886 -0.116672 -0.0972771 0.371888
FixedParameters: 0 0 0

#Transform 105
Transform: AffineTransform_float_3_3
Parameters: 0.999994 0.00348674 -0.00107211 -0.00347127 0.999891 0.0143428 0.0011219 -0.0143392 0.999896 -0.116681 -0.0356327 0.345421
FixedParameters: 0 0 0

#Transform 106
Transform: AffineTransform_float_3_3
Parameters: 0.999992 0.00380119 -0.00122923 -0.00378081 0.999865 0.0160308 0.00128977 -0.0160262 0.99987 -0.117117 -0.119497 0.419739
FixedParameters: 0 0 0

#Transform 107
Transform: AffineTransform_float_3_3
Parameters: 0.999993 0.00347303 -0.00123786 -0.00345399 0.99988 0.0150554 0.00128914 -0.0150516 0.999886 -0.109094 -0.122689 0.413462
FixedParameters: 0 0 0

#Transform 108
Transform: AffineTransform_float_3_3
Parameters: 0.999995 0.00315404 -0.000546476 -0.00314597 0.999895 0.0141348 0.000590524 -0.0141332 0.9999 -0.10535 -0.129282 0.372006
FixedParameters: 0 0 0

#Transform 109
Transform: AffineTransform_float_3_3
Parameters: 0.999995 0.00327622 -0.000747416 -0.00326477 0.999889 0.0145495 0.000795583 -0.0145475 0.999894 -0.0959477 -0.0682533 0.347595
FixedParameters: 0 0 0

#Transform 110
Transform: AffineTransform_float_3_3
Parameters: 0.999995 0.00327499 -0.000743302 -0.00326502 0.99991 0.0130585 0.000785702 -0.0130565 0.999915 -0.0962054 -0.0599291 0.319106
FixedParameters: 0 0 0

#Transform 111
Transform: AffineTransform_float_3_3
Parameters: 0.999995 0.00284106 -0.000752587 -0.00283194 0.999926 0.0117802 0.000785412 -0.0117778 0.999931 -0.0880043 -0.0495882 0.280837
FixedParameters: 0 0 0

#Transform 112
Transform: AffineTransform_float_3_3
Parameters: 0.999995 0.00284139 -0.000751331 -0.00283161 0.999922 0.0122222 0.000785663 -0.0122198 0.999925 -0.0858972 -0.0997086 0.287254
FixedParameters: 0 0 0

#Transform 113
Transform: AffineTransform_float_3_3
Parameters: 0.999996 0.00281589 -0.000753535 -0.00280712 0.99993 0.0115482 0.000785469 -0.0115468 0.999933 -0.0850517 -0.048797 0.262452
FixedParameters: 0 0 0

#Transform 114
Transform: AffineTransform_float_3_3
Parameters: 0.999995 0.0027735 -0.000945746 -0.0027635 0.999937 0.0109297 0.000976256 -0.0109263 0.99994 -0.0782707 -0.0533342 0.249994
FixedParameters: 0 0 0

#Transform 115
Transform: AffineTransform_float_3_3
Parameters: 0.999995 0.00271045 -0.00115699 -0.00269756 0.99993 0.0114702 0.00118701 -0.0114668 0.999933 -0.0947265 -0.0260231 0.268029
FixedParameters: 0 0 0

#Transform 116
Transform: AffineTransform_float_3_3
Parameters: 0.999995 0.00290352 -0.00116504 -0.00288847 0.99991 0.0131084 0.00120396 -0.0131056 0.999914 -0.089327 -0.0684263 0.308401
FixedParameters: 0 0 0

#Transform 117
Transform: AffineTransform_float_3_3
Parameters: 0.999996 0.00279553 -0.00116646 -0.00278047 0.99991 0.0131083 0.00120355 -0.0131057 0.999914 -0.0856367 -0.0671872 0.297656
FixedParameters: 0 0 0

#Transform 118
Transform: AffineTransform_float_3_3
Parameters: 0.999995 0.00279175 -0.000924235 -0.00278024 0.999919 0.0124796 0.000959768 -0.0124774 0.999921 -0.0854556 -0.0669016 0.272783
FixedParameters: 0 0 0

#Transform 119
Transform: AffineTransform_float_3_3
Parameters: 0.999995 0.00279227 -0.000945505 -0.00278072 0.999915 0.0127407 0.000981505 -0.0127383 0.999919 -0.0855132 -0.0648582 0.29619
FixedParameters: 0 0 0

#Transform 120
Transform: AffineTransform_float_3_3
Parameters: 0.999995 0.00279161 -0.000947462 -0.00278038 0.999923 0.0120397 0.000981543 -0.0120373 0.999927 -0.0890466 -0.0398871 0.287801
FixedParameters: 0 0 0

#Transform 121
Transform: AffineTransform_float_3_3
Parameters: 0.999996 0.00257357 -0.00101675 -0.00256043 0.999922 0.0121737 0.00104824 -0.0121703 0.999926 -0.0780192 -0.0342431 0.295543
FixedParameters: 0 0 0

#Transform 122
Transform: AffineTransform_float_3_3
Parameters: 0.999996 0.0026384 -0.000952662 -0.00262759 0.999938 0.0107625 0.000981334 -0.0107604 0.999941 -0.0747694 -0.0392269 0.244813
FixedParameters: 0 0 0

#Transform 123
Transform: AffineTransform_float_3_3
Parameters: 0.999997 0.00238669 -0.000847911 -0.0023773 0.999946 0.010112 0.000872081 -0.0101099 0.999948 -0.0720032 -0.0323316 0.221547
FixedParameters: 0 0 0

#Transform 124
Transform: AffineTransform_float_3_3
Parameters: 0.999996 0.00238789 -0.000956679 -0.00237811 0.999945 0.0102073 0.000981322 -0.0102047 0.999948 -0.0687501 -0.0595171 0.219325
FixedParameters: 0 0 0

#Transform 125
Transform: AffineTransform_float_3_3
Parameters: 0.999998 0.00196668 -0.000637758 -0.00196032 0.999945 0.0103103 0.000658244 -0.0103087 0.999946 -0.0559881 -0.0223523 0.21831
FixedParameters: 0 0 0

#Transform 126
Transform: AffineTransform_float_3_3
Parameters: 0.999995 0.00299184 -0.000286396 -0.00298817 0.999917 0.0125769 0.000323606 -0.0125761 0.999921 -0.111768 -0.0697529 0.313319
FixedParameters: 0 0 0

#Transform 127
Transform: AffineTransform_float_3_3
Parameters: 0.999995 0.00290049 -0.000482049 -0.00289551 0.999935 0.0110264 0.000513958 -0.0110256 0.999939 -0.0897455 -0.0404044 0.26435
FixedParameters: 0 0 0

#Transform 128
Transform: AffineTransform_float_3_3
Parameters: 0.999997 0.00245129 -0.000298064 -0.00244871 0.999941 0.0105878 0.000323944 -0.0105872 0.999944 -0.0776012 -0.00315577 0.241081
FixedParameters: 0 0 0

#Transform 129
Transform: AffineTransform_float_3_3
Parameters: 0.999997 0.00245124 -0.000298473 -0.00244876 0.999942 0.0104208 0.000323535 -0.0104202 0.999945 -0.0694291 -0.02541 0.261112
FixedParameters: 0 0 0

#Transform 130
Transform: AffineTransform_float_3_3
Parameters: 0.999997 0.00245122 -0.000298647 -0.00244879 0.999944 0.0103498 0.000323361 -0.0103492 0.999947 -0.0843648 -0.0517187 0.255811
FixedParameters: 0 0 0

#Transform 131
Transform: AffineTransform_float_3_3
Parameters: 0.999997 0.00245124 -0.000298481 -0.00244876 0.999942 0.0104178 0.000323525 -0.0104162 0.999945 -0.0694311 -0.0268952 0.231403
FixedParameters: 0 0 0

#Transform 132
Transform: AffineTransform_float_3_3
Parameters: 0.999997 0.00263375 -0.000732212 -0.00262424 0.999928 0.01171 0.00076378 -0.011708 0.999931 -0.0732208 -0.0341594 0.286159
FixedParameters: 0 0 0

#Transform 133
Transform: AffineTransform_float_3_3
Parameters: 0.999997 0.00270285 -0.000426288 -0.00269814 0.999936 0.0110032 0.000456717 -0.0110028 0.99994 -0.0714667 -0.0251534 0.26725
FixedParameters: 0 0 0

#Transform 134
Transform: AffineTransform_float_3_3
Parameters: 0.999997 0.00234714 -0.000418378 -0.00234285 0.99995 0.00964701 0.000441621 -0.00964599 0.999954 -0.0635198 -0.025804 0.215839
FixedParameters: 0 0 0

#Transform 135
Transform: AffineTransform_float_3_3
Parameters: 0.999997 0.00248583 -0.000489043 -0.00248117 0.999951 0.00964725 0.000512958 -0.00964576 0.999954 -0.0663995 -0.0163946 0.192099
FixedParameters: 0 0 0

#Transform 136
Transform: AffineTransform_float_3_3
Parameters: 0.999997 0.00265704 -0.000432898 -0.00265296 0.999956 0.00907818 0.000457104 -0.00907782 0.999958 -0.0733077 -0.0274692 0.182576
FixedParameters: 0 0 0

#Transform 137
Transform: AffineTransform_float_3_3
Parameters: 0.999997 0.00244264 -0.000621244 -0.00243637 0.999958 0.00891754 0.000642751 -0.00891646 0.99996 -0.0705188 -0.0106466 0.208177
FixedParameters: 0 0 0

#Transform 138
Transform: AffineTransform_float_3_3
Parameters: 0.999997 0.0024516 -0.000685817 -0.00244439 0.999952 0.00946971 0.000709178 -0.00946829 0.999955 -0.0596117 -0.00260495 0.21348
FixedParameters: 0 0 0

#Transform 139
Transform: AffineTransform_float_3_3
Parameters: 0.999996 0.00252291 -0.000752996 -0.00251509 0.999943 0.0103239 0.000779005 -0.0103221 0.999947 -0.0592527 -0.0298661 0.238847
FixedParameters: 0 0 0

#Transform 140
Transform: AffineTransform_float_3_3
Parameters: 0.999997 0.00252383 -0.000954407 -0.00251317 0.999945 0.0101614 0.000980584 -0.0101586 0.999948 -0.0590629 -0.00268431 0.227943
FixedParameters: 0 0 0

#Transform 141
Transform: AffineTransform_float_3_3
Parameters: 0.999996 0.00288854 -0.000945433 -0.00287745 0.999924 0.0119918 0.000980573 -0.0119892 0.999927 -0.0730518 -0.0493008 0.292509
FixedParameters: 0 0 0

#Transform 142
Transform: AffineTransform_float_3_3
Parameters: 0.999995 0.00289023 -0.00125598 -0.00287677 0.999941 0.0104107 0.00128601 -0.0104063 0.999945 -0.0844912 -0.00117885 0.281126
FixedParameters: 0 0 0

#Transform 143
Transform: AffineTransform_float_3_3
Parameters: 0.999988 0.00110971 -0.00464917 -0.00108529 0.999986 0.00531511 0.00465483 -0.0053099 0.999975 0.0649184 -0.240284 0.0781008
FixedParameters: 0 0 0

#Transform 144
Transform: AffineTransform_float_3_3
Parameters: 0.999991 0.000262719 -0.00405857 -0.000256281 0.999998 0.00165605 0.00405843 -0.00165495 0.99999 0.13157 0.35826 -0.299791
FixedParameters: 0 0 0

#Transform 145
Transform: AffineTransform_float_3_3
Parameters: 0.999995 0.000822023 -0.00310968 -0.000816976 0.999999 0.00161655 0.00311132 -0.00161345 0.999994 0.107015 0.193064 -0.297267
FixedParameters: 0 0 0

#Transform 146
Transform: AffineTransform_float_3_3
Parameters: 0.999996 0.000424221 -0.00287265 -0.00041478 0.999995 0.0032102 0.00287334 -0.00320879 0.99999 0.118407 0.116891 -0.231165
FixedParameters: 0 0 0

#Transform 147
Transform: AffineTransform_float_3_3
Parameters: 0.999998 0.000309407 -0.00184843 -0.000305593 0.999999 0.00184257 0.00184957 -0.00184243 0.999996 0.102944 0.143361 -0.245145
FixedParameters: 0 0 0

#Transform 148
Transform: AffineTransform_float_3_3
Parameters: 0.999998 0.000443021 -0.00229242 -0.00043998 0.999999 0.00131801 0.00229258 -0.00131699 0.999997 0.0978676 0.150121 -0.221804
FixedParameters: 0 0 0

#Transform 149
Transform: AffineTransform_float_3_3
Parameters: 0.999998 0.000454828 -0.00193581 -0.000454172 1 0.00042788 0.00193619 -0.00042712 0.999998 0.0794849 0.171318 -0.222038
FixedParameters: 0 0 0

#Transform 150
Transform: AffineTransform_float_3_3
Parameters: 0.999999 -0.000265594 -0.00183935 0.000267407 0.999999 0.00130851 0.00183865 -0.00130849 0.999998 0.0932417 0.164305 -0.189254
FixedParameters: 0 0 0

#Transform 151
Transform: AffineTransform_float_3_3
Parameters: 0.999999 -0.000273563 -0.00149026 0.000274436 1 0.000963593 0.00148974 -0.00096441 0.999999 0.0948197 0.174631 -0.209011
FixedParameters: 0 0 0

#Transform 152
Transform: AffineTransform_float_3_3
Parameters: 0.999998 -0.000433238 -0.00183989 0.000436761 0.999998 0.0020442 0.00183911 -0.0020458 0.999996 0.0918116 0.139375 -0.199167
FixedParameters: 0 0 0

#Transform 153
Transform: AffineTransform_float_3_3
Parameters: 0.999998 -0.000215109 -0.00229756 0.000220888 0.999996 0.0025635 0.00229644 -0.0025645 0.999994 0.101023 0.150461 -0.181442
FixedParameters: 0 0 0

#Transform 154
Transform: AffineTransform_float_3_3
Parameters: 0.999998 -0.000197772 -0.00206741 0.000202228 0.999998 0.00204459 0.00206759 -0.00204541 0.999996 0.0900016 0.188121 -0.177436
FixedParameters: 0 0 0

#Transform 155
Transform: AffineTransform_float_3_3
Parameters: 0.999998 -0.000214522 -0.00164533 0.000217477 0.999999 0.00150564 0.00164467 -0.00150636 0.999998 0.0820601 0.149134 -0.192067
FixedParameters: 0 0 0

#Transform 156
Transform: AffineTransform_float_3_3
Parameters: 0.999998 -0.000312708 -0.00166362 0.000316292 0.999998 0.00197848 0.00166338 -0.00197952 0.999996 0.0930243 0.150035 -0.17934
FixedParameters: 0 0 0

#Transform 157
Transform: AffineTransform_float_3_3
Parameters: 0.999998 -0.000439597 -0.0016639 0.000442401 0.999998 0.00204427 0.0016631 -0.00204573 0.999996 0.0914988 0.160062 -0.188683
FixedParameters: 0 0 0

#Transform 158
Transform: AffineTransform_float_3_3
Parameters: 0.999998 -0.000325519 -0.00166349 0.000327482 0.999999 0.00149146 0.00166351 -0.00149154 0.999998 0.107017 0.179047 -0.199116
FixedParameters: 0 0 0

#Transform 159
Transform: AffineTransform_float_3_3
Parameters: 0.999999 -0.000138791 -0.00145931 0.000142211 0.999997 0.0021998 0.00145969 -0.00219921 0.999997 0.0962888 0.178816 -0.158376
FixedParameters: 0 0 0

#Transform 160
Transform: AffineTransform_float_3_3
Parameters: 1 -0.000338648 -0.000928494 0.000340352 0.999999 0.00145668 0.000927505 -0.00145731 0.999998 0.0851563 0.17918 -0.200951
FixedParameters: 0 0 0

#Transform 161
Transform: AffineTransform_float_3_3
Parameters: 1 -0.000337028 -0.001008 0.000339972 0.999995 0.00294966 0.001007 -0.00295034 0.999995 0.0874624 0.158685 -0.143279
FixedParameters: 0 0 0

#Transform 162
Transform: AffineTransform_float_3_3
Parameters: 1 -8.46581e-05 -0.00109226 8.83442e-05 0.999996 0.00305991 0.00109273 -0.00306009 0.999994 0.0758423 0.154805 -0.148102
FixedParameters: 0 0 0

#Transform 163
Transform: AffineTransform_float_3_3
Parameters: 0.999999 -3.34483e-05 -0.00149108 3.65538e-05 0.999997 0.00238195 0.00149192 -0.00238205 0.999996 0.0781801 0.16667 -0.156327
FixedParameters: 0 0 0

#Transform 164
Transform: AffineTransform_float_3_3
Parameters: 1 -0.000263427 -0.000985692 0.000265571 0.999996 0.00261074 0.00098431 -0.00261126 0.999996 0.0850367 0.154094 -0.159233
FixedParameters: 0 0 0

#Transform 165
Transform: AffineTransform_float_3_3
Parameters: 0.999999 -0.00044529 -0.00091883 0.000446708 0.999998 0.00186159 0.000917169 -0.00186241 0.999998 0.093675 0.169525 -0.193129
FixedParameters: 0 0 0

#Transform 166
Transform: AffineTransform_float_3_3
Parameters: 0.999999 -0.000443653 -0.000852702 0.000445347 0.999998 0.00157962 0.000852297 -0.00158038 0.999999 0.0968779 0.186617 -0.196046
FixedParameters: 0 0 0

#Transform 167
Transform: AffineTransform_float_3_3
Parameters: 1 -0.000449685 -0.000981604 0.000451316 0.999999 0.00134056 0.000981396 -0.00134044 0.999998 0.115629 0.192706 -0.189375
FixedParameters: 0 0 0

#Transform 168
Transform: AffineTransform_float_3_3
Parameters: 0.999999 -0.000420857 -0.00124906 0.000424143 0.999996 0.00251747 0.00124794 -0.00251753 0.999996 0.0927715 0.16871 -0.151413
FixedParameters: 0 0 0

#Transform 169
Transform: AffineTransform_float_3_3
Parameters: 0.999999 -0.000719772 -0.00114177 0.000720228 0.999999 0.00107518 0.00114123 -0.00107682 0.999999 0.106452 0.196382 -0.199371
FixedParameters: 0 0 0

#Transform 170
Transform: AffineTransform_float_3_3
Parameters: 0.999998 -0.000422208 -0.00157348 0.000423792 1 0.00113934 0.00157252 -0.00113967 0.999998 0.108855 0.215156 -0.182147
FixedParameters: 0 0 0

#Transform 171
Transform: AffineTransform_float_3_3
Parameters: 0.999999 -0.000778386 -0.00101447 0.000779614 0.999999 0.000605209 0.00101353 -0.000605789 1 0.0991108 0.199611 -0.196553
FixedParameters: 0 0 0

#Transform 172
Transform: AffineTransform_float_3_3
Parameters: 1 0.000448377 -0.000363306 -0.000446623 0.999992 0.00378316 0.000364692 -0.00378284 0.999993 0.0671014 0.0919279 -0.0987338
FixedParameters: 0 0 0

#Transform 173
Transform: AffineTransform_float_3_3
Parameters: 0.999999 -0.000382 -0.000691553 0.000383 0.999999 0.00144574 0.000691446 -0.00144626 0.999998 0.0970588 0.217453 -0.132187
FixedParameters: 0 0 0

#Transform 174
Transform: AffineTransform_float_3_3
Parameters: 0.999999 -0.000663726 -0.000483375 0.000663272 0.999999 0.000564679 0.000482625 -0.00056532 0.999999 0.106449 0.155412 -0.186696
FixedParameters: 0 0 0

#Transform 175
Transform: AffineTransform_float_3_3
Parameters: 0.999999 -0.000557626 -0.000559372 0.000558373 0.999999 0.000667687 0.000559627 -0.000668312 0.999999 0.0987421 0.174807 -0.185712
FixedParameters: 0 0 0

#Transform 176
Transform: AffineTransform_float_3_3
Parameters: 1 -0.000509853 -0.000444169 0.000510147 1 0.000330773 0.000443831 -0.000331226 1 0.0941966 0.149316 -0.244659
FixedParameters: 0 0 0

#Transform 177
Transform: AffineTransform_float_3_3
Parameters: 0.999999 -0.000456074 -0.000791956 0.000455925 1 -9.43611e-05 0.000792042 9.36388e-05 0.999999 0.103417 0.159502 -0.258148
FixedParameters: 0 0 0

#Transform 178
Transform: AffineTransform_float_3_3
Parameters: 0.999998 -0.000312893 -0.00159022 0.000314107 0.999999 0.000695501 0.00159078 -0.000696498 0.999998 0.0984341 0.21602 -0.213859
FixedParameters: 0 0 0

#Transform 179
Transform: AffineTransform_float_3_3
Parameters: 0.999998 -0.000510636 -0.00199609 0.000511364 1 0.00018198 0.00199591 -0.00018302 0.999998 0.0978327 0.201156 -0.225811
FixedParameters: 0 0 0

#Transform 180
Transform: AffineTransform_float_3_3
Parameters: 0.999999 -0.000333228 -0.00178577 0.000331771 0.999999 -0.000688594 0.00178623 0.000687406 0.999998 0.104983 0.189497 -0.272797
FixedParameters: 0 0 0

#Transform 181
Transform: AffineTransform_float_3_3
Parameters: 0.999998 -0.000333906 -0.00199568 0.000331095 1 -0.000954663 0.00199632 0.000954335 0.999997 0.0695058 0.208659 -0.279369
FixedParameters: 0 0 0

#Transform 182
Transform: AffineTransform_float_3_3
Parameters: 0.999998 -0.000105062 -0.00199605 0.000105938 1 0.000469789 0.00199595 -0.000470211 0.999998 0.0823961 0.211193 -0.297408
FixedParameters: 0 0 0

#Transform 183
Transform: AffineTransform_float_3_3
Parameters: 0.999998 0.0012098 -0.00199007 -0.0012002 0.999987 0.0049194 0.00199593 -0.0049166 0.999986 0.0168464 0.287747 -0.0599927
FixedParameters: 0 0 0

#Transform 184
Transform: AffineTransform_float_3_3
Parameters: 0.999998 0.00117046 -0.00157502 -0.00116055 0.999982 0.00599084 0.00158198 -0.00598916 0.999981 0.00927055 -0.0742764 -0.0414884
FixedParameters: 0 0 0

#Transform 185
Transform: AffineTransform_float_3_3
Parameters: 0.999998 0.0002454 -0.00158132 -0.0002416 0.999996 0.00278239 0.00158168 -0.00278162 0.999995 0.0503654 0.161192 -0.137084
FixedParameters: 0 0 0

#Transform 186
Transform: AffineTransform_float_3_3
Parameters: 0.99999 0.00281056 0.00365881 -0.00280945 0.999996 -0.000430284 -0.0036602 0.000420717 0.999993 -0.0224793 -0.411938 -0.961949
FixedParameters: 0 0 0

#Transform 187
Transform: AffineTransform_float_3_3
Parameters: 0.999999 0.00107505 0.00144122 -0.00107395 0.999999 -0.000730549 -0.00144178 0.000729451 0.999998 0.0407994 -0.187413 -0.274962
FixedParameters: 0 0 0

#Transform 188
Transform: AffineTransform_float_3_3
