# transform file /out/sourcedata/freesurfer/sub-v1s9x0051353_ses-1/mri/transforms/cc_up.lta
# created by oesteban on Tue Mar 10 08:49:40 2026

type      = 0 # LINEAR_VOX_TO_VOX
nxforms   = 1
mean      = 130.0000 96.0000 115.0000
sigma     = 10000.0000
1 4 4
9.957458972930908e-01 -8.772156387567520e-02 2.820005826652050e-02 4.373664855957031e+00 
8.768640458583832e-02 9.961451888084412e-01 2.483326243236661e-03 3.872342300415039e+01 
-2.830918878316879e-02 -2.328306714094452e-10 9.995992779731750e-01 2.469477272033691e+01 
0.000000000000000e+00 0.000000000000000e+00 0.000000000000000e+00 1.000000000000000e+00 
src volume info
valid = 1  # volume info valid
filename = /out/sourcedata/freesurfer/sub-v1s9x0051353_ses-1/mri/norm.mgz
volume = 256 256 256
voxelsize = 1.000000000000000e+00 1.000000000000000e+00 1.000000000000000e+00
xras   = -1.000000000000000e+00 0.000000000000000e+00 0.000000000000000e+00
yras   = 0.000000000000000e+00 0.000000000000000e+00 -1.000000000000000e+00
zras   = 0.000000000000000e+00 1.000000000000000e+00 0.000000000000000e+00
cras   = 5.717399597167969e+00 -1.134854125976562e+01 1.072631835937500e+00
dst volume info
valid = 1  # volume info valid
filename = /out/sourcedata/freesurfer/sub-v1s9x0051353_ses-1/mri/norm.mgz
volume = 256 256 256
voxelsize = 1.000000000000000e+00 1.000000000000000e+00 1.000000000000000e+00
xras   = -1.000000000000000e+00 0.000000000000000e+00 0.000000000000000e+00
yras   = 0.000000000000000e+00 0.000000000000000e+00 -1.000000000000000e+00
zras   = 0.000000000000000e+00 1.000000000000000e+00 0.000000000000000e+00
cras   = 5.717399597167969e+00 -1.134854125976562e+01 1.072631835937500e+00
