#Insight Transform File V1.0
#Transform 0
Transform: AffineTransform_float_3_3
Parameters: 1 -0.000151531 0.000352772 0.000150468 0.999999 0.00150605 -0.000353227 -0.00150595 0.999999 0.0275555 -0.0247829 0.0985359
FixedParameters: 0 0 0

#Transform 1
Transform: AffineTransform_float_3_3
Parameters: 1 0 0 0 1 0.001153 0 -0.001153 1 0.033093 0.0266017 0.0633453
FixedParameters: 0 0 0

#Transform 2
Transform: AffineTransform_float_3_3
Parameters: 1 -0.000136154 0.000229909 0.000135846 1 0.000671031 -0.000229091 -0.000670969 0.999999 0.0248046 0.00460514 0.0110693
FixedParameters: 0 0 0

#Transform 3
Transform: AffineTransform_float_3_3
Parameters: 1 -0.000512 -3.43552e-07 0.000512 0.999999 0.000671 -3.43552e-07 -0.000671 1 0.0296393 0.00224981 0.00405356
FixedParameters: 0 0 0

#Transform 4
Transform: AffineTransform_float_3_3
Parameters: 1 -0.000398122 0.000272822 0.000397878 1 0.000446108 -0.000273177 -0.000445891 1 0.032131 -0.0116077 -0.00256535
FixedParameters: 0 0 0

#Transform 5
Transform: AffineTransform_float_3_3
Parameters: 0.999999 -0.000645092 0.000487878 0.000644907 1 0.000189315 -0.000488122 -0.000188685 1 0.0424213 -0.0140456 -0.00670415
FixedParameters: 0 0 0

#Transform 6
Transform: AffineTransform_float_3_3
Parameters: 1 -0.000645126 0.000188567 0.000644873 0.999999 0.000671121 -0.000189433 -0.000670877 1 0.0366186 -0.00879478 0.0175394
FixedParameters: 0 0 0

#Transform 7
Transform: AffineTransform_float_3_3
Parameters: 1 -0.00017793 -0.000143086 0.000178069 1 0.000485974 0.000142913 -0.000486025 1 0.0185279 -0.0142099 0.0130814
FixedParameters: 0 0 0

#Transform 8
Transform: AffineTransform_float_3_3
Parameters: 1 -0.000193035 9.3928e-05 0.000192965 1 0.000373018 -9.4072e-05 -0.000372982 1 0.0194097 -0.0201159 -0.0194072
FixedParameters: 0 0 0

#Transform 9
Transform: AffineTransform_float_3_3
Parameters: 1 -0.000229001 2.49911e-05 0.000228999 1 3.90057e-05 -2.50089e-05 -3.89943e-05 1 0.0230972 -0.0346097 -0.0403033
FixedParameters: 0 0 0

#Transform 10
Transform: AffineTransform_float_3_3
Parameters: 1 -0.000225855 -0.000246133 0.000226145 1 0.000587944 0.000245867 -0.000588055 1 -0.0189473 0.0135611 -0.00092518
FixedParameters: 0 0 0

#Transform 11
Transform: AffineTransform_float_3_3
Parameters: 1 -0.000118039 7.99422e-05 0.000117961 1 0.000490009 -8.00578e-05 -0.00048999 1 -0.00340602 0.00551793 -0.00131724
FixedParameters: 0 0 0

#Transform 12
Transform: AffineTransform_float_3_3
Parameters: 1 -0.000465041 7.97591e-05 0.000464958 1 0.000518037 -8.02408e-05 -0.000517963 1 0.0300632 0.0147148 -0.0178013
FixedParameters: 0 0 0

#Transform 13
Transform: AffineTransform_float_3_3
Parameters: 1 -0.000465087 0.000167759 0.000464913 1 0.000518078 -0.000168241 -0.000517922 1 0.0317736 0.0011899 -0.0114546
FixedParameters: 0 0 0

#Transform 14
Transform: AffineTransform_float_3_3
Parameters: 1 -0.000465041 7.97591e-05 0.000464958 1 0.000518037 -8.02408e-05 -0.000517963 1 0.0300703 0.00118853 -0.00678529
FixedParameters: 0 0 0

#Transform 15
Transform: AffineTransform_float_3_3
Parameters: 1 -0.000465029 0.000131899 0.000464971 1 0.000217061 -0.000132101 -0.000216939 1 0.0311274 -0.00472278 -0.0237468
FixedParameters: 0 0 0

#Transform 16
Transform: AffineTransform_float_3_3
Parameters: 1 -0.000465007 7.99577e-05 0.000464993 1 9.10372e-05 -8.00423e-05 -9.09628e-05 1 0.0273524 -0.00714757 -0.0174068
FixedParameters: 0 0 0

#Transform 17
Transform: AffineTransform_float_3_3
Parameters: 1 -0.00011197 -0.00033101 0.00011203 1 9.09629e-05 0.00033099 -9.10371e-05 1 -0.013164 -0.00179515 -0.0172776
FixedParameters: 0 0 0

#Transform 18
Transform: AffineTransform_float_3_3
Parameters: 1 -0.000465076 -0.000330893 0.000464924 1 -0.000229154 0.000331106 0.000228846 1 -0.00666749 -0.00293918 -0.0252763
FixedParameters: 0 0 0

#Transform 19
Transform: AffineTransform_float_3_3
Parameters: 1 -4.10068e-05 7.49963e-05 4.09932e-05 1 9.10031e-05 -7.50037e-05 -9.09969e-05 1 -0.0147505 -0.00730653 0.00428272
FixedParameters: 0 0 0

#Transform 20
Transform: AffineTransform_float_3_3
Parameters: 1 -2.69984e-05 -1.80025e-05 2.70016e-05 1 9.09995e-05 1.79975e-05 -9.10005e-05 1 0.006998 0.0109064 0.00198264
FixedParameters: 0 0 0

#Transform 21
Transform: AffineTransform_float_3_3
Parameters: 1 -8.00166e-05 0.000182993 7.99833e-05 1 9.10146e-05 -0.000183007 -9.09854e-05 1 0.00972072 0.0128714 -0.00609007
FixedParameters: 0 0 0

#Transform 22
Transform: AffineTransform_float_3_3
Parameters: 1 -0.000276983 0.000183026 0.000277017 1 -9.29493e-05 -0.000182974 9.30507e-05 1 0.0163173 -0.0108016 -0.0282948
FixedParameters: 0 0 0

#Transform 23
Transform: AffineTransform_float_3_3
Parameters: 1 9.8974e-05 0.000183014 -9.9026e-05 1 0.000141982 -0.000182986 -0.000142018 1 0.00905384 -0.00636534 -0.032324
FixedParameters: 0 0 0

#Transform 24
Transform: AffineTransform_float_3_3
Parameters: 1 -0.000167005 -2.59654e-05 0.000166995 1 -0.000207004 2.60346e-05 0.000206996 1 0.00509954 -0.0130535 -0.0539349
FixedParameters: 0 0 0

#Transform 25
Transform: AffineTransform_float_3_3
Parameters: 1 4.02269e-06 0.000182999 -3.97731e-06 1 -0.000124001 -0.000183 0.000123999 1 0.014666 -0.0115399 -0.022795
FixedParameters: 0 0 0

#Transform 26
Transform: AffineTransform_float_3_3
Parameters: 1 -0.000221013 -6.29529e-05 0.000220987 1 -0.000213014 6.30471e-05 0.000212986 1 0.00519938 -0.0082898 -0.024919
FixedParameters: 0 0 0

#Transform 27
Transform: AffineTransform_float_3_3
Parameters: 1 -0.000221006 -7.29812e-05 0.000220994 1 -8.50161e-05 7.30188e-05 8.49839e-05 1 0.00324968 -0.00494059 -0.0126728
FixedParameters: 0 0 0

#Transform 28
Transform: AffineTransform_float_3_3
Parameters: 1 -0.000220997 0.000183003 0.000221003 1 -1.39596e-05 -0.000182997 1.40404e-05 1 0.026024 0.0148252 -0.000545943
FixedParameters: 0 0 0

#Transform 29
Transform: AffineTransform_float_3_3
Parameters: 1 4.09011e-05 -0.000281014 -4.00989e-05 1 -0.000351989 0.000280986 0.000352011 1 -0.00864852 0.00819229 -0.0218471
FixedParameters: 0 0 0

#Transform 30
Transform: AffineTransform_float_3_3
Parameters: 1 -0.000221079 -0.000280938 0.000220921 1 -0.000281062 0.000281062 0.000280938 1 -0.0023341 0.00960104 -0.00274683
FixedParameters: 0 0 0

#Transform 31
Transform: AffineTransform_float_3_3
Parameters: 1 1.69723e-05 -9.5005e-05 -1.70277e-05 1 -0.000291998 9.4995e-05 0.000292002 1 -0.00238791 0.0141469 -0.0121483
FixedParameters: 0 0 0

#Transform 32
Transform: AffineTransform_float_3_3
Parameters: 1 -9.30293e-05 -0.000107975 9.29707e-05 1 -0.00027101 0.000108025 0.00027099 1 -0.00181355 0.00975622 -0.0222763
FixedParameters: 0 0 0

#Transform 33
Transform: AffineTransform_float_3_3
Parameters: 1 0.000193042 0.000167952 -0.000192958 1 -0.000249032 -0.000167048 0.000248968 1 0.00348224 0.0100669 -0.00356267
FixedParameters: 0 0 0

#Transform 34
Transform: AffineTransform_float_3_3
Parameters: 1 0.000257028 0.000167958 -0.000256973 1 -0.000164043 -0.000167042 0.000163957 1 -0.0161795 0.0219676 0.0222082
FixedParameters: 0 0 0

#Transform 35
Transform: AffineTransform_float_3_3
Parameters: 1 0.000381966 -0.000181071 -0.000382034 1 -0.000186931 0.000180929 0.000187069 1 -0.0111939 0.0380015 0.0216548
FixedParameters: 0 0 0

#Transform 36
Transform: AffineTransform_float_3_3
Parameters: 1 -6.70633e-05 -0.000179976 6.69366e-05 1 -0.000352012 0.000180024 0.000351988 1 0.00581135 0.032613 0.0337107
FixedParameters: 0 0 0

#Transform 37
Transform: AffineTransform_float_3_3
Parameters: 1 7.88472e-05 -0.000434028 -7.91527e-05 1 -0.000351966 0.000433972 0.000352034 1 -0.0165611 0.0449992 0.0392767
FixedParameters: 0 0 0

#Transform 38
Transform: AffineTransform_float_3_3
Parameters: 1 -6.71717e-05 -0.000328965 6.68288e-05 1 -0.000522022 0.000328035 0.000521978 1 -0.0096476 0.044687 0.0640529
FixedParameters: 0 0 0

#Transform 39
Transform: AffineTransform_float_3_3
Parameters: 1 0.00012893 -0.000275033 -0.00012907 1 -0.000254964 0.000274967 0.000255035 1 -0.0137865 0.0597715 0.0691514
FixedParameters: 0 0 0

#Transform 40
Transform: AffineTransform_float_3_3
Parameters: 1 0.000217975 -0.000486011 -0.000218025 1 -5.1894e-05 0.000485989 5.21059e-05 1 -0.027027 0.0375689 0.0450854
FixedParameters: 0 0 0

#Transform 41
Transform: AffineTransform_float_3_3
Parameters: 1 0.000286896 -0.00032909 -0.000287104 1 -0.000314905 0.000328909 0.000315094 1 0.00334983 0.0268661 0.0144951
FixedParameters: 0 0 0

#Transform 42
Transform: AffineTransform_float_3_3
Parameters: 1 0.000139837 -0.000329069 -0.000140163 1 -0.000494954 0.000328931 0.000495046 1 -0.00175414 0.0234759 -0.000353691
FixedParameters: 0 0 0

#Transform 43
Transform: AffineTransform_float_3_3
Parameters: 0.999999 0.000301603 -0.000738161 -0.000301396 1 -0.000536777 0.000737838 0.000537222 0.999999 -0.00493864 0.0178294 -0.00961501
FixedParameters: 0 0 0

#Transform 44
Transform: AffineTransform_float_3_3
Parameters: 1 0.000121717 -0.000526065 -0.000122282 1 -0.000536936 0.000525934 0.000537064 0.999999 -0.00433568 0.0178223 0.0246905
FixedParameters: 0 0 0

#Transform 45
Transform: AffineTransform_float_3_3
Parameters: 1 0.000121791 -0.000334076 -0.000122209 1 -0.000625959 0.000333923 0.00062604 0.999999 -0.00574051 0.0304081 0.0228964
FixedParameters: 0 0 0

#Transform 46
Transform: AffineTransform_float_3_3
Parameters: 1 0.00012184 -0.000334058 -0.00012216 1 -0.000478959 0.000333941 0.000479041 1 0.00740713 0.029301 0.0265684
FixedParameters: 0 0 0

#Transform 47
Transform: AffineTransform_float_3_3
Parameters: 1 0.000121742 -0.000481065 -0.000122258 1 -0.000536941 0.000480934 0.000537058 0.999999 -0.007674 0.0371561 0.048021
FixedParameters: 0 0 0

#Transform 48
Transform: AffineTransform_float_3_3
Parameters: 1 4.67309e-05 -0.000501025 -4.7269e-05 1 -0.000536976 0.000500974 0.000537023 0.999999 -0.0230508 0.0416108 0.0573452
FixedParameters: 0 0 0

#Transform 49
Transform: AffineTransform_float_3_3
Parameters: 1 1.77635e-05 -0.000502008 -1.82364e-05 1 -0.000470991 0.000501991 0.000471009 1 -0.0179425 0.0567768 0.0762465
FixedParameters: 0 0 0

#Transform 50
Transform: AffineTransform_float_3_3
Parameters: 1 0.000121755 -0.000456065 -0.000122245 1 -0.000536944 0.000455934 0.000537055 1 -0.0335107 0.0416322 0.046297
FixedParameters: 0 0 0

#Transform 51
Transform: AffineTransform_float_3_3
Parameters: 1 -4.63039e-05 -0.000643978 4.5696e-05 1 -0.000472029 0.000644021 0.00047197 0.999999 -0.0176541 0.0429507 0.0309582
FixedParameters: 0 0 0

#Transform 52
Transform: AffineTransform_float_3_3
Parameters: 1 -9.41611e-05 -0.000299949 9.38389e-05 1 -0.000537028 0.00030005 0.000536972 1 -0.00779331 0.0417151 0.0395788
FixedParameters: 0 0 0

#Transform 53
Transform: AffineTransform_float_3_3
Parameters: 1 9.72988e-06 -0.000503005 -9.27011e-06 1 -0.000536995 0.000502995 0.000537005 0.999999 -0.00683663 0.0366234 0.0612563
FixedParameters: 0 0 0

#Transform 54
Transform: AffineTransform_float_3_3
Parameters: 1 0.000100865 -0.000252054 -0.000101135 1 -0.000536974 0.000251946 0.000537025 1 -0.0150683 0.0415914 0.0571023
FixedParameters: 0 0 0

#Transform 55
Transform: AffineTransform_float_3_3
Parameters: 0.999999 0.000185558 -0.000822099 -0.000185441 1 -0.000536847 0.0008219 0.000537152 0.999999 -0.0377313 0.059302 0.0567239
FixedParameters: 0 0 0

#Transform 56
Transform: AffineTransform_float_3_3
Parameters: 0.999999 0.000314706 -0.000639144 -0.000315294 1 -0.000459798 0.000638855 0.000460201 0.999999 -0.0383781 0.0529747 0.0740091
FixedParameters: 0 0 0

#Transform 57
Transform: AffineTransform_float_3_3
Parameters: 1 0.000105798 -0.000376057 -0.000106202 1 -0.00053696 0.000375943 0.00053704 1 -0.0275026 0.0716254 0.126362
FixedParameters: 0 0 0

#Transform 58
Transform: AffineTransform_float_3_3
Parameters: 1 4.92269e-05 -0.000628061 -5.0773e-05 0.999999 -0.00123097 0.000627938 0.00123103 0.999999 -0.0239362 0.0580299 0.100825
FixedParameters: 0 0 0

#Transform 59
Transform: AffineTransform_float_3_3
Parameters: 0.999999 4.89927e-05 -0.000759065 -5.00071e-05 0.999999 -0.00132696 0.000758934 0.00132704 0.999999 -0.0206201 0.0605368 0.0890529
FixedParameters: 0 0 0

#Transform 60
Transform: AffineTransform_float_3_3
Parameters: 0.999999 4.90349e-05 -0.000822058 -4.9965e-05 1 -0.00117396 0.000821942 0.00117404 0.999999 -0.0162246 0.0592725 0.0927716
FixedParameters: 0 0 0

#Transform 61
Transform: AffineTransform_float_3_3
Parameters: 1 4.9358e-05 -0.000600053 -5.0642e-05 1 -0.00106997 0.000599946 0.00107003 0.999999 -0.01873 0.0530327 0.0792541
FixedParameters: 0 0 0

#Transform 62
Transform: AffineTransform_float_3_3
Parameters: 0.999999 4.8993e-05 -0.00082206 -5.00069e-05 0.999999 -0.00122496 0.000821939 0.00122504 0.999999 -0.0207779 0.0480421 0.0754012
FixedParameters: 0 0 0

#Transform 63
Transform: AffineTransform_float_3_3
Parameters: 0.999999 0.00023812 -0.000822255 -0.000238879 1 -0.0010698 0.000821745 0.0010702 0.999999 -0.025768 0.047747 0.0793057
FixedParameters: 0 0 0

#Transform 64
Transform: AffineTransform_float_3_3
Parameters: 1 0.000272959 -0.000973293 -0.000274041 1 -0.00106973 0.000972708 0.00107027 0.999999 -0.0247473 0.0611715 0.112917
FixedParameters: 0 0 0

#Transform 65
Transform: AffineTransform_float_3_3
Parameters: 0.999999 0.000420089 -0.00128163 -0.000422912 0.999999 -0.00149146 0.00128137 0.00149154 0.999998 -0.0375478 0.0577463 0.10455
FixedParameters: 0 0 0

#Transform 66
Transform: AffineTransform_float_3_3
Parameters: 0.999999 0.000374025 -0.00133256 -0.000375976 0.999999 -0.0014825 0.00133244 0.0014825 0.999998 -0.0459774 0.0601232 0.100719
FixedParameters: 0 0 0

#Transform 67
Transform: AffineTransform_float_3_3
Parameters: 0.999999 0.000364609 -0.00130039 -0.000366391 1 -0.00106952 0.00129961 0.00107047 0.999998 -0.049541 0.0696293 0.120236
FixedParameters: 0 0 0

#Transform 68
Transform: AffineTransform_float_3_3
Parameters: 0.999999 0.00035154 -0.00136438 -0.000352459 1 -0.00106952 0.00136362 0.00107048 0.999999 -0.0621306 0.0797979 0.141539
FixedParameters: 0 0 0

#Transform 69
Transform: AffineTransform_float_3_3
Parameters: 0.999998 0.000823626 -0.0013974 -0.000825373 0.999998 -0.00169885 0.0013956 0.00170015 0.999997 -0.0993251 0.0674224 0.125524
FixedParameters: 0 0 0

#Transform 70
Transform: AffineTransform_float_3_3
Parameters: 0.999999 0.000491934 -0.00130078 -0.000494066 0.999998 -0.00158836 0.00130022 0.00158864 0.999998 -0.0667833 0.0696798 0.0976083
FixedParameters: 0 0 0

#Transform 71
Transform: AffineTransform_float_3_3
Parameters: 0.999999 0.000493542 -0.00130094 -0.000496459 0.999998 -0.00189036 0.00130006 0.00189064 0.999998 -0.0750546 0.0783601 0.162253
FixedParameters: 0 0 0

#Transform 72
Transform: AffineTransform_float_3_3
Parameters: 0.999998 0.000945114 -0.00172813 -0.000949886 0.999997 -0.00224936 0.00172587 0.00225064 0.999996 -0.103184 0.0443885 0.163784
FixedParameters: 0 0 0

#Transform 73
Transform: AffineTransform_float_3_3
Parameters: 0.999998 0.000823332 -0.00142612 -0.000827667 0.999997 -0.00257282 0.00142387 0.00257418 0.999995 -0.0939484 0.0459307 0.136435
FixedParameters: 0 0 0

#Transform 74
Transform: AffineTransform_float_3_3
Parameters: 0.999998 0.00105719 -0.00158055 -0.00106181 0.999996 -0.00241032 0.00157844 0.00241267 0.999996 -0.0914746 0.0601332 0.154651
FixedParameters: 0 0 0

#Transform 75
Transform: AffineTransform_float_3_3
Parameters: 0.999998 0.000703433 -0.00180279 -0.000708567 0.999996 -0.00253373 0.00180121 0.00253527 0.999995 -0.092701 0.0761011 0.176794
FixedParameters: 0 0 0

#Transform 76
Transform: AffineTransform_float_3_3
Parameters: 0.999999 0.000704459 -0.00163453 -0.000708543 0.999998 -0.00216685 0.00163347 0.00216816 0.999997 -0.102263 0.0900174 0.233298
FixedParameters: 0 0 0

#Transform 77
Transform: AffineTransform_float_3_3
Parameters: 0.999998 0.000830195 -0.00173031 -0.000835803 0.999996 -0.00277756 0.00172768 0.00277944 0.999994 -0.117914 0.0645662 0.15437
FixedParameters: 0 0 0

#Transform 78
Transform: AffineTransform_float_3_3
Parameters: 0.999998 0.00102116 -0.00209386 -0.00102784 0.999995 -0.00278785 0.00209114 0.00279014 0.999994 -0.12977 0.050401 0.154318
FixedParameters: 0 0 0

#Transform 79
Transform: AffineTransform_float_3_3
Parameters: 0.999998 0.000810347 -0.00186147 -0.000816652 0.999995 -0.00303849 0.00185853 0.00303951 0.999993 -0.107636 0.0537427 0.147936
FixedParameters: 0 0 0

#Transform 80
Transform: AffineTransform_float_3_3
Parameters: 0.999998 0.000846701 -0.00211753 -0.000852302 0.999995 -0.0029762 0.00211547 0.0029778 0.999994 -0.120876 0.0596842 0.162583
FixedParameters: 0 0 0

#Transform 81
Transform: AffineTransform_float_3_3
Parameters: 0.999997 0.00106726 -0.00213538 -0.00107374 0.999995 -0.00315772 0.00213262 0.00315929 0.999992 -0.130476 0.0504261 0.167755
FixedParameters: 0 0 0

#Transform 82
Transform: AffineTransform_float_3_3
Parameters: 0.999998 0.000828627 -0.00213449 -0.000835376 0.999995 -0.00298723 0.00213251 0.00298878 0.999994 -0.12655 0.0594832 0.141877
FixedParameters: 0 0 0

#Transform 83
Transform: AffineTransform_float_3_3
Parameters: 0.999997 0.00116491 -0.00213533 -0.00117109 0.999996 -0.00285051 0.00213267 0.00285349 0.999993 -0.143165 0.0620763 0.135833
FixedParameters: 0 0 0

#Transform 84
Transform: AffineTransform_float_3_3
Parameters: 0.999998 0.000894599 -0.00210074 -0.000901402 0.999995 -0.00304811 0.00209826 0.00304989 0.999993 -0.147231 0.0535718 0.12417
FixedParameters: 0 0 0

#Transform 85
Transform: AffineTransform_float_3_3
Parameters: 0.999996 0.000778234 -0.00264001 -0.000784767 0.999997 -0.00256294 0.002638 0.00256506 0.999993 -0.160819 0.0501231 0.106622
FixedParameters: 0 0 0

#Transform 86
Transform: AffineTransform_float_3_3
Parameters: 0.999997 0.000953855 -0.00223963 -0.000959145 0.999996 -0.00274386 0.00223737 0.00274614 0.999993 -0.168485 0.0466307 0.128209
FixedParameters: 0 0 0

#Transform 87
Transform: AffineTransform_float_3_3
Parameters: 0.999997 0.0010359 -0.0018888 -0.0010401 0.999996 -0.00270004 0.0018862 0.00270196 0.999994 -0.156486 0.0656642 0.132649
FixedParameters: 0 0 0

#Transform 88
Transform: AffineTransform_float_3_3
Parameters: 0.999997 0.000979611 -0.00197718 -0.000985386 0.999995 -0.00323206 0.00197382 0.00323494 0.999993 -0.145995 0.0493854 0.0699279
FixedParameters: 0 0 0

#Transform 89
Transform: AffineTransform_float_3_3
Parameters: 0.999998 0.000882877 -0.00192382 -0.00088912 0.999994 -0.0031843 0.00192018 0.0031857 0.999993 -0.142499 0.0632928 0.0592945
FixedParameters: 0 0 0

#Transform 90
Transform: AffineTransform_float_3_3
Parameters: 0.999998 0.00127282 -0.00185625 -0.00127818 0.999993 -0.00333163 0.00185175 0.00333436 0.999992 -0.150926 0.0603237 0.0604286
FixedParameters: 0 0 0

#Transform 91
Transform: AffineTransform_float_3_3
Parameters: 0.999997 0.00117495 -0.00208 -0.00118204 0.999993 -0.00338855 0.00207601 0.00339145 0.999992 -0.152883 0.0261612 0.0785241
FixedParameters: 0 0 0

#Transform 92
Transform: AffineTransform_float_3_3
Parameters: 0.999998 0.0011748 -0.00202619 -0.0011822 0.999993 -0.00355561 0.00202281 0.00355738 0.999991 -0.151704 0.0437582 0.0463015
FixedParameters: 0 0 0

#Transform 93
Transform: AffineTransform_float_3_3
Parameters: 0.999997 0.00117537 -0.00185621 -0.00118263 0.999993 -0.00357281 0.00185178 0.00357518 0.999992 -0.125784 0.0345238 0.0635317
FixedParameters: 0 0 0

#Transform 94
Transform: AffineTransform_float_3_3
Parameters: 0.999998 0.000754072 -0.00185483 -0.000760929 0.999992 -0.0037376 0.00185217 0.0037384 0.999992 -0.120612 0.0393147 0.0793442
FixedParameters: 0 0 0

#Transform 95
Transform: AffineTransform_float_3_3
Parameters: 0.999998 0.000873527 -0.00185506 -0.00087947 0.999993 -0.00349037 0.00185194 0.00349262 0.999992 -0.125815 0.0441833 0.0714739
FixedParameters: 0 0 0

#Transform 96
Transform: AffineTransform_float_3_3
Parameters: 0.999997 0.000989532 -0.00199472 -0.000997467 0.999992 -0.00374602 0.00199128 0.00374798 0.999991 -0.133866 0.0150049 0.046261
FixedParameters: 0 0 0

#Transform 97
Transform: AffineTransform_float_3_3
Parameters: 0.999997 0.00120273 -0.00212014 -0.00121027 0.999994 -0.00343145 0.00211586 0.00343356 0.999992 -0.136579 0.0208347 0.0579823
FixedParameters: 0 0 0

#Transform 98
Transform: AffineTransform_float_3_3
Parameters: 0.999997 0.00120832 -0.00213636 -0.00121568 0.999993 -0.00359741 0.00213264 0.00360059 0.999991 -0.13889 0.0293887 0.0621118
FixedParameters: 0 0 0

#Transform 99
Transform: AffineTransform_float_3_3
Parameters: 0.999997 0.00116528 -0.00214621 -0.00117372 0.999993 -0.00359749 0.00214179 0.00360051 0.999991 -0.148091 0.0462895 0.0849523
FixedParameters: 0 0 0

#Transform 100
Transform: AffineTransform_float_3_3
Parameters: 0.999997 0.00132736 -0.00196917 -0.00133564 0.999992 -0.00388338 0.00196383 0.00388562 0.99999 -0.148608 0.042712 0.0804486
FixedParameters: 0 0 0

#Transform 101
Transform: AffineTransform_float_3_3
Parameters: 0.999997 0.00104642 -0.00185572 -0.00105358 0.999993 -0.00354805 0.00185127 0.00354995 0.999992 -0.142793 0.0494821 0.0934969
FixedParameters: 0 0 0

#Transform 102
Transform: AffineTransform_float_3_3
Parameters: 0.999996 0.00130261 -0.002196 -0.00131039 0.999992 -0.00382214 0.00219101 0.00382487 0.999991 -0.153709 0.0492336 0.0938114
FixedParameters: 0 0 0

#Transform 103
Transform: AffineTransform_float_3_3
Parameters: 0.999998 0.00130415 -0.00194362 -0.00131085 0.999993 -0.00352846 0.00193938 0.00353154 0.999992 -0.146314 0.0409142 0.0605371
FixedParameters: 0 0 0

#Transform 104
Transform: AffineTransform_float_3_3
Parameters: 0.999997 0.00130317 -0.00204501 -0.00131083 0.999992 -0.00383333 0.00203999 0.00383567 0.99999 -0.150957 0.0418365 0.0176458
FixedParameters: 0 0 0

#Transform 105
Transform: AffineTransform_float_3_3
Parameters: 0.999996 0.00130185 -0.0022593 -0.00131115 0.999991 -0.00405205 0.0022537 0.00405495 0.999989 -0.163794 0.0309355 -0.0158252
FixedParameters: 0 0 0

#Transform 106
Transform: AffineTransform_float_3_3
Parameters: 0.999997 0.00130196 -0.00217544 -0.00131104 0.99999 -0.00415916 0.00216956 0.00416184 0.999989 -0.15161 0.02124 0.0124344
FixedParameters: 0 0 0

#Transform 107
Transform: AffineTransform_float_3_3
Parameters: 0.999997 0.00130235 -0.00216323 -0.00131065 0.999991 -0.00400318 0.00215777 0.00400682 0.999989 -0.156508 0.0318024 0.0292994
FixedParameters: 0 0 0

#Transform 108
Transform: AffineTransform_float_3_3
Parameters: 0.999996 0.00130248 -0.0022749 -0.00131052 0.999992 -0.00374703 0.0022701 0.00374997 0.999991 -0.145536 0.0211299 0.0669515
FixedParameters: 0 0 0

#Transform 109
Transform: AffineTransform_float_3_3
Parameters: 0.999997 0.00130275 -0.00232863 -0.00131125 0.999993 -0.00354396 0.00232437 0.00354704 0.999991 -0.151404 0.043713 0.111675
FixedParameters: 0 0 0

#Transform 110
Transform: AffineTransform_float_3_3
Parameters: 0.999998 0.00105416 -0.00173694 -0.00105883 0.999995 -0.00278516 0.00173406 0.00278683 0.999994 -0.129783 0.0545956 0.131437
FixedParameters: 0 0 0

#Transform 111
Transform: AffineTransform_float_3_3
Parameters: 0.999997 0.00137944 -0.0023285 -0.00138656 0.999994 -0.00324778 0.00232451 0.00325122 0.999992 -0.144969 0.027465 0.102464
FixedParameters: 0 0 0

#Transform 112
Transform: AffineTransform_float_3_3
Parameters: 0.999997 0.00137883 -0.00232886 -0.00138717 0.999993 -0.00350978 0.00232415 0.00351222 0.999991 -0.142105 0.0270938 0.0851121
FixedParameters: 0 0 0

#Transform 113
Transform: AffineTransform_float_3_3
Parameters: 0.999994 0.00167935 -0.00281119 -0.00168765 0.999994 -0.00307827 0.00280581 0.00308273 0.999992 -0.171459 0.0695154 0.167652
FixedParameters: 0 0 0

#Transform 114
Transform: AffineTransform_float_3_3
Parameters: 0.999996 0.00166151 -0.00227749 -0.00166949 0.999993 -0.00329321 0.00227151 0.00329679 0.999992 -0.147348 0.0485005 0.18435
FixedParameters: 0 0 0

#Transform 115
Transform: AffineTransform_float_3_3
Parameters: 0.999995 0.00166048 -0.0024468 -0.00166952 0.999992 -0.00348293 0.0024412 0.00348607 0.999991 -0.148118 0.0380749 0.171291
FixedParameters: 0 0 0

#Transform 116
Transform: AffineTransform_float_3_3
Parameters: 0.999996 0.0015366 -0.00244629 -0.0015444 0.999993 -0.00343424 0.00244171 0.00343777 0.999991 -0.144637 0.0459652 0.141195
FixedParameters: 0 0 0

#Transform 117
Transform: AffineTransform_float_3_3
Parameters: 0.999996 0.000953762 -0.00244423 -0.000962241 0.999994 -0.00337166 0.00244177 0.00337334 0.999992 -0.126926 0.0586963 0.131867
FixedParameters: 0 0 0

#Transform 118
Transform: AffineTransform_float_3_3
Parameters: 0.999997 0.000732648 -0.00234563 -0.000740355 0.999994 -0.00356228 0.00234338 0.00356373 0.999991 -0.140826 0.065106 0.12642
FixedParameters: 0 0 0

#Transform 119
Transform: AffineTransform_float_3_3
Parameters: 0.999997 0.00113967 -0.00188146 -0.00114632 0.999991 -0.00389685 0.00187654 0.00389915 0.99999 -0.138694 0.0603543 0.0731734
FixedParameters: 0 0 0

#Transform 120
Transform: AffineTransform_float_3_3
Parameters: 0.999997 0.00084339 -0.00197527 -0.00085161 0.999992 -0.00385533 0.00197173 0.00385667 0.99999 -0.12629 0.0281701 0.0682859
FixedParameters: 0 0 0

#Transform 121
Transform: AffineTransform_float_3_3
Parameters: 0.999998 0.000652398 -0.00197952 -0.000659603 0.999993 -0.0038417 0.00197748 0.0038433 0.99999 -0.104298 0.0565175 0.0423063
FixedParameters: 0 0 0

#Transform 122
Transform: AffineTransform_float_3_3
Parameters: 0.999997 0.000848167 -0.00201574 -0.00085683 0.99999 -0.00438528 0.00201126 0.00438672 0.999989 -0.109984 0.0386959 -0.00419412
FixedParameters: 0 0 0

#Transform 123
Transform: AffineTransform_float_3_3
Parameters: 0.999997 0.000653336 -0.00207774 -0.000662666 0.999991 -0.00417263 0.00207525 0.00417337 0.999989 -0.106288 0.0427016 0.0420016
FixedParameters: 0 0 0

#Transform 124
Transform: AffineTransform_float_3_3
Parameters: 0.999999 0.000661904 -0.00131059 -0.000667094 0.999992 -0.00389213 0.00130741 0.00389287 0.999991 -0.105312 0.0212268 0.106026
FixedParameters: 0 0 0

#Transform 125
Transform: AffineTransform_float_3_3
Parameters: 0.999999 0.000662294 -0.00134732 -0.000666704 0.999993 -0.0034951 0.00134468 0.00349589 0.999993 -0.0924495 0.0555075 0.150805
FixedParameters: 0 0 0

#Transform 126
Transform: AffineTransform_float_3_3
Parameters: 0.999998 0.000777027 -0.00151855 -0.000781974 0.999995 -0.00327682 0.00151645 0.00327819 0.999994 -0.0938521 0.0597025 0.126229
FixedParameters: 0 0 0

#Transform 127
Transform: AffineTransform_float_3_3
Parameters: 0.999998 0.00104785 -0.00135123 -0.00105215 0.999994 -0.00307658 0.00134777 0.00307842 0.999995 -0.0804691 0.063726 0.0918948
FixedParameters: 0 0 0

#Transform 128
Transform: AffineTransform_float_3_3
Parameters: 0.999999 0.00114168 -0.00135166 -0.00114632 0.999994 -0.00320046 0.00134734 0.00320254 0.999994 -0.0827598 0.0611711 0.0982022
FixedParameters: 0 0 0

#Transform 129
Transform: AffineTransform_float_3_3
Parameters: 0.999999 0.000898318 -0.00119777 -0.000901679 0.999995 -0.00307692 0.00119423 0.00307807 0.999994 -0.0737501 0.0636813 0.131417
FixedParameters: 0 0 0

#Transform 130
Transform: AffineTransform_float_3_3
Parameters: 0.999999 0.00101711 -0.00144346 -0.00102189 0.999993 -0.00339253 0.00143954 0.00339347 0.999993 -0.0814279 0.0712973 0.104453
FixedParameters: 0 0 0

#Transform 131
Transform: AffineTransform_float_3_3
Parameters: 0.999998 0.00114199 -0.00115298 -0.00114601 0.999994 -0.00348269 0.00114902 0.00348332 0.999994 -0.0850812 0.055622 0.107401
FixedParameters: 0 0 0

#Transform 132
Transform: AffineTransform_float_3_3
Parameters: 0.999998 0.000734369 -0.00150776 -0.000739632 0.999992 -0.00373789 0.00150525 0.00373811 0.999992 -0.0757276 0.0613648 0.111529
FixedParameters: 0 0 0

#Transform 133
Transform: AffineTransform_float_3_3
Parameters: 0.999999 0.000827905 -0.00131123 -0.000832098 0.999992 -0.00388991 0.00130877 0.00389109 0.999991 -0.0914996 0.0618904 0.117219
FixedParameters: 0 0 0

#Transform 134
Transform: AffineTransform_float_3_3
Parameters: 0.999999 0.000869251 -0.0012194 -0.000873751 0.999992 -0.00389894 0.0012166 0.00390006 0.999991 -0.0918057 0.0648558 0.116964
FixedParameters: 0 0 0

#Transform 135
Transform: AffineTransform_float_3_3
Parameters: 0.999999 0.000898035 -0.000961719 -0.000901967 0.999991 -0.00413114 0.000958282 0.00413186 0.999991 -0.0860985 0.0638613 0.110986
FixedParameters: 0 0 0

#Transform 136
Transform: AffineTransform_float_3_3
Parameters: 0.999999 0.00103083 -0.00145838 -0.00103717 0.999991 -0.0042355 0.00145462 0.00423651 0.99999 -0.0821168 0.061692 0.108628
FixedParameters: 0 0 0

#Transform 137
Transform: AffineTransform_float_3_3
Parameters: 0.999998 0.000839624 -0.00136931 -0.000845374 0.999992 -0.00392985 0.00136569 0.00393115 0.999992 -0.0982861 0.0750871 0.129565
FixedParameters: 0 0 0

#Transform 138
Transform: AffineTransform_float_3_3
Parameters: 0.999999 0.00119028 -0.00137099 -0.00119672 0.99999 -0.00417837 0.00136601 0.00418063 0.999991 -0.0965399 0.065091 0.065058
FixedParameters: 0 0 0

#Transform 139
Transform: AffineTransform_float_3_3
Parameters: 0.999998 0.00132901 -0.00181189 -0.00133699 0.99999 -0.00441459 0.00180611 0.00441741 0.999988 -0.128003 0.0517685 0.0378217
FixedParameters: 0 0 0

#Transform 140
Transform: AffineTransform_float_3_3
Parameters: 0.999998 0.00141119 -0.00179596 -0.00141981 0.999987 -0.00491546 0.00178904 0.00491754 0.999987 -0.130504 0.053226 0.0512639
FixedParameters: 0 0 0

#Transform 141
Transform: AffineTransform_float_3_3
Parameters: 0.999997 0.00120993 -0.00179447 -0.00121807 0.999989 -0.00450083 0.00178954 0.00450218 0.999989 -0.126175 0.0566398 0.0617979
FixedParameters: 0 0 0

#Transform 142
Transform: AffineTransform_float_3_3
Parameters: 0.999997 0.00120997 -0.00186523 -0.00121803 0.99999 -0.00431174 0.00185976 0.00431426 0.999989 -0.127719 0.0434442 0.105667
FixedParameters: 0 0 0

#Transform 143
Transform: AffineTransform_float_3_3
Parameters: 0.999998 0.0012108 -0.00167124 -0.0012182 0.99999 -0.00431297 0.00166576 0.00431503 0.99999 -0.110035 0.0815101 0.0670873
FixedParameters: 0 0 0

#Transform 144
Transform: AffineTransform_float_3_3
Parameters: 0.999997 0.00120987 -0.00179451 -0.00121813 0.999989 -0.00453583 0.00178949 0.00453818 0.999988 -0.118821 0.061568 0.0901645
FixedParameters: 0 0 0

#Transform 145
Transform: AffineTransform_float_3_3
Parameters: 0.999998 0.00107891 -0.00174303 -0.00108708 0.999988 -0.00464411 0.00173797 0.00464588 0.999987 -0.101799 0.0380795 0.0683225
FixedParameters: 0 0 0

#Transform 146
Transform: AffineTransform_float_3_3
Parameters: 0.999998 0.00121024 -0.00171351 -0.00121876 0.999989 -0.00453392 0.00170849 0.00453608 0.999989 -0.0974881 0.0352561 0.0600681
FixedParameters: 0 0 0

#Transform 147
Transform: AffineTransform_float_3_3
Parameters: 0.999998 0.00121011 -0.00165081 -0.00121789 0.999988 -0.004785 0.00164519 0.004787 0.999987 -0.0853051 0.0417482 0.0536893
FixedParameters: 0 0 0

#Transform 148
Transform: AffineTransform_float_3_3
Parameters: 0.999998 0.00121033 -0.0017264 -0.00121867 0.99999 -0.00444891 0.00172059 0.00445109 0.999988 -0.102876 0.0636416 0.0529146
FixedParameters: 0 0 0

#Transform 149
Transform: AffineTransform_float_3_3
Parameters: 0.999997 0.00120945 -0.00184065 -0.00121855 0.999989 -0.00465177 0.00183535 0.00465424 0.999988 -0.0940338 0.0715086 0.0317129
FixedParameters: 0 0 0

#Transform 150
Transform: AffineTransform_float_3_3
Parameters: 0.999998 0.00163662 -0.00165234 -0.00164339 0.999988 -0.00447629 0.00164566 0.0044787 0.999988 -0.107941 0.0791236 0.041422
FixedParameters: 0 0 0

#Transform 151
Transform: AffineTransform_float_3_3
Parameters: 0.999998 0.00127833 -0.00165097 -0.00128567 0.999989 -0.00465389 0.00164503 0.00465611 0.999988 -0.109209 0.0756487 0.0471105
FixedParameters: 0 0 0

#Transform 152
Transform: AffineTransform_float_3_3
Parameters: 0.999997 0.00128177 -0.0020169 -0.00129023 0.999988 -0.00458241 0.00201111 0.00458459 0.999988 -0.118245 0.0678805 0.0511358
FixedParameters: 0 0 0

#Transform 153
Transform: AffineTransform_float_3_3
Parameters: 0.999997 0.00120841 -0.00203273 -0.00121858 0.999988 -0.00472154 0.00202627 0.00472446 0.999987 -0.102072 0.0743903 0.0398368
FixedParameters: 0 0 0

#Transform 154
Transform: AffineTransform_float_3_3
Parameters: 0.999997 0.00121018 -0.00178931 -0.00121881 0.999989 -0.00437283 0.00178368 0.00437517 0.999989 -0.115861 0.0605298 0.066003
FixedParameters: 0 0 0

#Transform 155
Transform: AffineTransform_float_3_3
Parameters: 0.999998 0.00120907 -0.00198945 -0.00121792 0.999989 -0.00449159 0.00198355 0.00449441 0.999988 -0.115459 0.0616425 0.0838975
FixedParameters: 0 0 0

#Transform 156
Transform: AffineTransform_float_3_3
Parameters: 0.999997 0.00132356 -0.00172949 -0.00133144 0.999987 -0.00488771 0.00172351 0.0048903 0.999987 -0.124879 0.0722517 0.0701007
FixedParameters: 0 0 0

#Transform 157
Transform: AffineTransform_float_3_3
Parameters: 0.999997 0.00120903 -0.00185089 -0.00121797 0.999988 -0.00485376 0.00184511 0.00485625 0.999987 -0.118762 0.0730443 0.0416374
FixedParameters: 0 0 0

#Transform 158
Transform: AffineTransform_float_3_3
Parameters: 0.999997 0.00120896 -0.00176024 -0.00121804 0.999986 -0.00514287 0.00175376 0.00514513 0.999985 -0.10844 0.0676372 -0.0102273
FixedParameters: 0 0 0

#Transform 159
Transform: AffineTransform_float_3_3
Parameters: 0.999998 0.00129117 -0.00166289 -0.00129983 0.999985 -0.00531685 0.00165611 0.00531915 0.999985 -0.10555 0.041554 -0.0341678
FixedParameters: 0 0 0

#Transform 160
Transform: AffineTransform_float_3_3
Parameters: 0.999998 0.00126925 -0.00166272 -0.00127875 0.999986 -0.00527189 0.00165628 0.00527411 0.999984 -0.108504 0.0348928 -0.0351155
FixedParameters: 0 0 0

#Transform 161
Transform: AffineTransform_float_3_3
Parameters: 0.999998 0.000802201 -0.00172512 -0.000810798 0.999986 -0.00510561 0.00172088 0.00510739 0.999986 -0.0991085 0.0465369 -0.0182108
FixedParameters: 0 0 0

#Transform 162
Transform: AffineTransform_float_3_3
Parameters: 0.999999 0.000732592 -0.00165974 -0.000740409 0.999987 -0.00507078 0.00165627 0.00507222 0.999986 -0.102391 0.0471743 -0.0174376
FixedParameters: 0 0 0

#Transform 163
Transform: AffineTransform_float_3_3
Parameters: 0.999997 0.0007622 -0.00208897 -0.000772799 0.999987 -0.0051734 0.00208503 0.00517561 0.999985 -0.0848341 0.0339004 -0.0581579
FixedParameters: 0 0 0

#Transform 164
Transform: AffineTransform_float_3_3
Parameters: 0.999997 0.00106032 -0.00212536 -0.00107068 0.999987 -0.00503074 0.00211964 0.00503326 0.999985 -0.100077 0.0479053 -0.054479
FixedParameters: 0 0 0

#Transform 165
Transform: AffineTransform_float_3_3
Parameters: 0.999998 0.00100948 -0.00210057 -0.00102052 0.999985 -0.00548887 0.00209543 0.00549113 0.999982 -0.113389 0.0547459 -0.054741
FixedParameters: 0 0 0

#Transform 166
Transform: AffineTransform_float_3_3
Parameters: 0.999998 0.00126807 -0.00183191 -0.00127793 0.999984 -0.00542967 0.00182509 0.00543132 0.999983 -0.109264 0.0472594 -0.0417851
FixedParameters: 0 0 0

#Transform 167
Transform: AffineTransform_float_3_3
Parameters: 0.999998 0.00126942 -0.00166259 -0.00127858 0.999986 -0.00517089 0.00165641 0.00517311 0.999985 -0.1046 0.0651091 0.00958433
FixedParameters: 0 0 0

#Transform 168
Transform: AffineTransform_float_3_3
Parameters: 0.999998 0.00126704 -0.00197208 -0.00127796 0.999983 -0.00556549 0.00196492 0.0055675 0.999982 -0.106299 0.0766367 -0.0227323
FixedParameters: 0 0 0

#Transform 169
Transform: AffineTransform_float_3_3
Parameters: 0.999998 0.00134587 -0.0018275 -0.00135612 0.999983 -0.00555053 0.0018195 0.00555346 0.999983 -0.122435 0.0580465 -0.0509603
FixedParameters: 0 0 0

#Transform 170
Transform: AffineTransform_float_3_3
Parameters: 0.999997 0.00126728 -0.00207658 -0.00127873 0.999986 -0.00517136 0.00207041 0.00517364 0.999985 -0.115632 0.0652543 -0.0187077
FixedParameters: 0 0 0

#Transform 171
Transform: AffineTransform_float_3_3
Parameters: 0.999998 0.00107462 -0.002054 -0.00108538 0.999984 -0.00554879 0.00204801 0.00555022 0.999983 -0.109206 0.0411439 -0.0313531
FixedParameters: 0 0 0

#Transform 172
Transform: AffineTransform_float_3_3
Parameters: 0.999997 0.00126618 -0.00197463 -0.00127882 0.999981 -0.00599449 0.00196737 0.00599651 0.99998 -0.111663 0.0372362 -0.0579205
FixedParameters: 0 0 0

#Transform 173
Transform: AffineTransform_float_3_3
Parameters: 0.999997 0.00112 -0.00190351 -0.001131 0.999982 -0.00578886 0.00189648 0.00579013 0.999981 -0.10126 0.0335489 -0.017234
FixedParameters: 0 0 0

#Transform 174
Transform: AffineTransform_float_3_3
Parameters: 0.999998 0.00126653 -0.00193854 -0.00127847 0.999981 -0.00592753 0.00193045 0.00593046 0.99998 -0.106964 0.0493734 -0.0445435
FixedParameters: 0 0 0

#Transform 175
Transform: AffineTransform_float_3_3
Parameters: 0.999997 0.00153129 -0.00196916 -0.00154271 0.999981 -0.00595998 0.00195984 0.00596302 0.999981 -0.125256 0.0386866 -0.0670998
FixedParameters: 0 0 0

#Transform 176
Transform: AffineTransform_float_3_3
Parameters: 0.999996 0.00120213 -0.00228528 -0.00121387 0.999986 -0.00519724 0.00227972 0.00520076 0.999984 -0.117705 0.0697844 0.00531272
FixedParameters: 0 0 0

#Transform 177
Transform: AffineTransform_float_3_3
Parameters: 0.999997 0.00132378 -0.00198453 -0.00133422 0.999983 -0.00566337 0.00197747 0.00566563 0.999982 -0.108583 0.0607923 -0.0453318
FixedParameters: 0 0 0

#Transform 178
Transform: AffineTransform_float_3_3
Parameters: 0.999997 0.00144529 -0.00185141 -0.00145571 0.999982 -0.00579932 0.00184259 0.00580168 0.999981 -0.10152 0.0416424 -0.0407909
FixedParameters: 0 0 0

#Transform 179
Transform: AffineTransform_float_3_3
Parameters: 0.999997 0.00118323 -0.00206479 -0.00119477 0.999983 -0.00570655 0.00205821 0.00570945 0.999981 -0.100987 0.0350934 -0.0514882
FixedParameters: 0 0 0

#Transform 180
Transform: AffineTransform_float_3_3
Parameters: 0.999997 0.00137965 -0.00226519 -0.00139336 0.999981 -0.00590486 0.00225781 0.00590713 0.99998 -0.115173 0.0253426 -0.0575002
FixedParameters: 0 0 0

#Transform 181
Transform: AffineTransform_float_3_3
Parameters: 0.999993 0.00219732 -0.0030272 -0.00223668 0.999911 -0.0131653 0.0029988 0.0131727 0.999908 -0.253001 -0.138147 -0.762499
FixedParameters: 0 0 0

#Transform 182
Transform: AffineTransform_float_3_3
Parameters: 0.999995 0.00187326 -0.00259573 -0.00190275 0.999932 -0.0115041 0.00257428 0.0115089 0.999931 -0.234403 -0.183475 -0.660347
FixedParameters: 0 0 0

#Transform 183
Transform: AffineTransform_float_3_3
Parameters: 0.999993 0.00201292 -0.00293298 -0.00204608 0.999934 -0.0113191 0.00291002 0.0113259 0.999931 -0.225351 -0.166958 -0.684793
FixedParameters: 0 0 0

#Transform 184
Transform: AffineTransform_float_3_3
Parameters: 0.999994 0.00215172 -0.00295353 -0.00218428 0.999933 -0.0113096 0.00292948 0.0113164 0.999931 -0.229188 -0.179423 -0.698513
FixedParameters: 0 0 0

#Transform 185
Transform: AffineTransform_float_3_3
Parameters: 0.999994 0.00198646 -0.00259686 -0.00201654 0.999932 -0.0114208 0.00257413 0.0114262 0.999932 -0.217999 -0.14965 -0.685744
FixedParameters: 0 0 0

#Transform 186
Transform: AffineTransform_float_3_3
Parameters: 0.999995 0.00166879 -0.00259304 -0.00169821 0.999934 -0.0113056 0.00257396 0.0113093 0.999932 -0.209849 -0.147435 -0.67342
FixedParameters: 0 0 0

#Transform 187
Transform: AffineTransform_float_3_3
Parameters: 0.999995 0.00190991 -0.0025907 -0.00193908 0.999934 -0.011274 0.0025683 0.011279 0.999933 -0.215932 -0.135407 -0.655286
FixedParameters: 0 0 0

#Transform 188
Transform: AffineTransform_float_3_3
Parameters: 0.999996 0.00195439 -0.00230708 -0.00197861 0.99994 -0.0107135 0.00228593 0.0107175 0.99994 -0.211547 -0.102463 -0.591475
FixedParameters: 0 0 0

#Transform 189
Transform: AffineTransform_float_3_3
Parameters: 0.999995 0.00204277 -0.00233917 -0.00206824 0.999935 -0.0112692 0.00231584 0.0112738 0.999934 -0.22854 -0.124163 -0.615117
FixedParameters: 0 0 0

#Transform 190
Transform: AffineTransform_float_3_3
Parameters: 0.999996 0.00213699 -0.00218079 -0.00216101 0.999936 -0.0110653 0.00215722 0.0110697 0.999937 -0.21364 -0.119049 -0.608058
FixedParameters: 0 0 0

#Transform 191
