#Insight Transform File V1.0
#Transform 0
Transform: AffineTransform_float_3_3
Parameters: 0.999984 0.0044772 -0.00342321 -0.0044718 0.999989 0.00152533 0.00343079 -0.00150966 0.999993 -0.00810619 0.00565106 0.337116
FixedParameters: 0 0 0

#Transform 1
Transform: AffineTransform_float_3_3
Parameters: 0.999985 0.00444539 -0.00326167 -0.00444061 0.999989 0.00165751 0.00326833 -0.0016425 0.999994 -0.0150544 0.0355219 0.351993
FixedParameters: 0 0 0

#Transform 2
Transform: AffineTransform_float_3_3
Parameters: 0.999983 0.0048715 -0.00339055 -0.00486651 0.999988 0.00133252 0.00339745 -0.00131647 0.999994 -0.0165344 0.0709792 0.297481
FixedParameters: 0 0 0

#Transform 3
Transform: AffineTransform_float_3_3
Parameters: 0.999997 0.00236306 -0.000408899 -0.00236194 0.999994 0.00258297 0.000415101 -0.00258203 0.999996 0.019995 -0.0303807 0.338877
FixedParameters: 0 0 0

#Transform 4
Transform: AffineTransform_float_3_3
Parameters: 0.999998 -0.000717329 0.00190841 0.000704667 0.999979 0.00645336 -0.00191359 -0.00645164 0.999978 0.0916213 -0.343202 0.381675
FixedParameters: 0 0 0

#Transform 5
Transform: AffineTransform_float_3_3
Parameters: 0.999999 0.00039738 -0.000750798 -0.000397619 1 0.000507298 0.000751201 -0.000506701 0.999999 0.123097 0.282251 -0.0102713
FixedParameters: 0 0 0

#Transform 6
Transform: AffineTransform_float_3_3
Parameters: 0.999999 0.000711482 -0.000253883 -0.000710516 0.999983 0.00579318 0.00025812 -0.00579282 0.999983 0.0642845 -0.446902 0.385039
FixedParameters: 0 0 0

#Transform 7
Transform: AffineTransform_float_3_3
Parameters: 1 0.000965657 -0.00042603 -0.000962345 0.999981 0.00619141 0.000431966 -0.00619059 0.99998 0.0523378 -0.197814 0.419391
FixedParameters: 0 0 0

#Transform 8
Transform: AffineTransform_float_3_3
Parameters: 0.999998 0.00146934 -0.000646451 -0.00146566 0.999985 0.00514395 0.000653547 -0.00514304 0.999986 0.027834 -0.13038 0.392985
FixedParameters: 0 0 0

#Transform 9
Transform: AffineTransform_float_3_3
Parameters: 0.999998 0.00146898 -0.000645266 -0.00146603 0.999989 0.00458895 0.000651734 -0.00458805 0.99999 0.0181017 -0.129814 0.36993
FixedParameters: 0 0 0

#Transform 10
Transform: AffineTransform_float_3_3
Parameters: 0.999997 0.00178975 -0.00116976 -0.00178525 0.99999 0.0040511 0.00117724 -0.0040499 0.999991 0.0294197 -0.104122 0.336571
FixedParameters: 0 0 0

#Transform 11
Transform: AffineTransform_float_3_3
Parameters: 0.999997 0.00222032 -0.00108217 -0.00221667 0.999989 0.00398141 0.00109083 -0.00397959 0.999992 0.0144946 -0.123042 0.345111
FixedParameters: 0 0 0

#Transform 12
Transform: AffineTransform_float_3_3
Parameters: 0.999997 0.00202875 -0.00124228 -0.00202426 0.99999 0.00380952 0.00124972 -0.00380747 0.999992 0.0178605 -0.0778462 0.352468
FixedParameters: 0 0 0

#Transform 13
Transform: AffineTransform_float_3_3
Parameters: 0.999998 0.00203806 -0.0010834 -0.00203394 0.999991 0.00373521 0.00109061 -0.00373379 0.999993 0.00547088 -0.0666016 0.337608
FixedParameters: 0 0 0

#Transform 14
Transform: AffineTransform_float_3_3
Parameters: 0.999998 0.0016103 -0.00108613 -0.0016067 0.999994 0.00302875 0.00109087 -0.00302625 0.999995 0.0196998 -0.0396111 0.337521
FixedParameters: 0 0 0

#Transform 15
Transform: AffineTransform_float_3_3
Parameters: 0.999997 0.00175308 -0.00130152 -0.00174892 0.999994 0.00312929 0.00130748 -0.00312672 0.999995 0.0317973 -0.058499 0.366135
FixedParameters: 0 0 0

#Transform 16
Transform: AffineTransform_float_3_3
Parameters: 0.999995 0.0022346 -0.00192552 -0.0022294 0.999994 0.00290531 0.00193248 -0.00290069 0.999994 0.042073 -0.0348181 0.390131
FixedParameters: 0 0 0

#Transform 17
Transform: AffineTransform_float_3_3
Parameters: 0.999998 0.00183295 -0.00137374 -0.00182905 0.999994 0.00287252 0.00137926 -0.00287048 0.999995 0.0304057 0.054988 0.361229
FixedParameters: 0 0 0

#Transform 18
Transform: AffineTransform_float_3_3
Parameters: 1 -0.000207635 -0.000502566 0.000209366 0.999997 0.0027179 0.000502433 -0.00271711 0.999996 0.0937272 -0.152616 0.16086
FixedParameters: 0 0 0

#Transform 19
Transform: AffineTransform_float_3_3
Parameters: 0.999997 -0.00212824 0.000419784 0.00212676 0.999994 0.0029219 -0.000426215 -0.0029211 0.999995 0.12026 -0.171731 0.122803
FixedParameters: 0 0 0

#Transform 20
Transform: AffineTransform_float_3_3
Parameters: 1 -0.000179988 -2.70799e-05 0.000180012 1 0.000443995 2.69201e-05 -0.000444005 1 0.019246 -0.043177 0.0084315
FixedParameters: 0 0 0

#Transform 21
Transform: AffineTransform_float_3_3
Parameters: 1 -0.000622492 0.000313022 0.000622507 0.999998 0.00157219 -0.000313979 -0.0015718 0.999998 0.0470249 -0.124182 0.152357
FixedParameters: 0 0 0

#Transform 22
Transform: AffineTransform_float_3_3
Parameters: 0.999999 0.000744808 8.56865e-05 -0.000744193 0.999997 0.00226394 -8.43154e-05 -0.00226406 0.999998 -0.0567048 -0.0499638 0.279591
FixedParameters: 0 0 0

#Transform 23
Transform: AffineTransform_float_3_3
Parameters: 0.999999 0.00123892 9.10939e-05 -0.00123908 0.999999 0.000882887 -8.99058e-05 -0.000883112 0.999999 -0.0666132 0.0150897 0.222874
FixedParameters: 0 0 0

#Transform 24
Transform: AffineTransform_float_3_3
Parameters: 0.999999 0.00082181 -0.000352442 -0.000822189 0.999999 -0.00053771 0.000352557 0.00053829 1 -0.0293114 0.135926 0.0847389
FixedParameters: 0 0 0

#Transform 25
Transform: AffineTransform_float_3_3
Parameters: 0.999999 0.000374035 -0.000854745 -0.000377965 0.999989 -0.00464268 0.000853254 0.00464332 0.999989 0.00295311 0.212723 -0.0459501
FixedParameters: 0 0 0

#Transform 26
Transform: AffineTransform_float_3_3
Parameters: 1 0.000404469 -0.000578777 -0.000407532 0.999991 -0.00437877 0.000577221 0.00437924 0.99999 0.00707168 0.171088 -0.134467
FixedParameters: 0 0 0

#Transform 27
Transform: AffineTransform_float_3_3
Parameters: 1 -0.000310619 -0.00057613 0.000308378 0.999996 -0.00280918 0.000577868 0.00280882 0.999996 0.0330021 0.178349 -0.103777
FixedParameters: 0 0 0

#Transform 28
Transform: AffineTransform_float_3_3
Parameters: 1 0.000314799 -7.88052e-05 -0.000315201 0.999996 -0.00255697 7.81943e-05 0.00255702 0.999996 -0.0536291 0.0042383 -0.163466
FixedParameters: 0 0 0

#Transform 29
Transform: AffineTransform_float_3_3
Parameters: 1 7.65529e-05 0.000229817 -7.64466e-05 0.999997 -0.00240502 -0.000230185 0.00240498 0.999997 -0.0359855 0.11557 -0.132706
FixedParameters: 0 0 0

#Transform 30
Transform: AffineTransform_float_3_3
Parameters: 1 -0.000228004 0.000400569 0.000228998 0.999997 -0.00248991 -0.000400431 0.00248909 0.999997 -0.00286504 0.120329 -0.162982
FixedParameters: 0 0 0

#Transform 31
Transform: AffineTransform_float_3_3
Parameters: 1 -0.000449825 0.000480104 0.000451177 0.999997 -0.00245078 -0.000479896 0.00245022 0.999997 -0.0188762 0.0771322 -0.0502643
FixedParameters: 0 0 0

#Transform 32
Transform: AffineTransform_float_3_3
Parameters: 1 -0.000228106 0.000375544 0.000228895 0.999997 -0.00238191 -0.000375456 0.00238209 0.999997 -0.0221281 0.156474 -0.0371513
FixedParameters: 0 0 0

#Transform 33
Transform: AffineTransform_float_3_3
Parameters: 1 -0.000324935 0.000437792 0.000326065 0.999997 -0.00243386 -0.000437208 0.00243414 0.999997 -0.0266963 0.14028 0.0279385
FixedParameters: 0 0 0

#Transform 34
Transform: AffineTransform_float_3_3
Parameters: 0.999999 -0.000682185 0.000328695 0.000682815 0.999996 -0.00248378 -0.000327305 0.00248422 0.999997 -0.0109904 0.13053 -0.0203371
FixedParameters: 0 0 0

#Transform 35
Transform: AffineTransform_float_3_3
Parameters: 0.999999 -0.000682375 0.000217965 0.000682624 0.999995 -0.00287785 -0.000216036 0.00287815 0.999996 -0.00874069 0.192406 -0.00892334
FixedParameters: 0 0 0

#Transform 36
Transform: AffineTransform_float_3_3
Parameters: 1 -0.000400286 0.000186538 0.000401715 0.999992 -0.00383992 -0.000185459 0.00384007 0.999992 -0.0296535 0.232623 0.0751451
FixedParameters: 0 0 0

#Transform 37
Transform: AffineTransform_float_3_3
Parameters: 1 -0.000293391 0.000185963 0.000293608 0.999994 -0.00327994 -0.000185038 0.00328005 0.999994 -0.0324385 0.180552 0.131414
FixedParameters: 0 0 0

#Transform 38
Transform: AffineTransform_float_3_3
Parameters: 1 -0.000165803 -0.000235437 0.000165199 0.999994 -0.00340604 0.000235564 0.00340596 0.999994 -0.0133315 0.154391 0.250646
FixedParameters: 0 0 0

#Transform 39
Transform: AffineTransform_float_3_3
Parameters: 0.999999 0.000406461 -0.000869784 -0.000405538 1 0.000530353 0.000870215 -0.000530646 0.999999 -0.0463981 -0.00342704 0.178009
FixedParameters: 0 0 0

#Transform 40
Transform: AffineTransform_float_3_3
Parameters: 0.999999 0.000405964 -0.000916015 -0.000406036 1 -3.96281e-05 0.000915983 3.93719e-05 0.999999 0.00590525 0.097366 0.128269
FixedParameters: 0 0 0

#Transform 41
Transform: AffineTransform_float_3_3
Parameters: 0.999999 0.000405756 -0.000611162 -0.000405244 1 -0.000399752 0.000610838 0.000399248 0.999999 -0.0232065 -0.00125024 0.17055
FixedParameters: 0 0 0

#Transform 42
Transform: AffineTransform_float_3_3
Parameters: 0.999999 0.000403933 -0.000763098 -0.000406067 0.999996 -0.00271069 0.000761902 0.00271031 0.999996 -0.00134612 0.218391 0.0387796
FixedParameters: 0 0 0

#Transform 43
Transform: AffineTransform_float_3_3
Parameters: 1 0.000679853 -0.00100945 -0.00068115 0.999998 -0.00212932 0.00100855 0.00212969 0.999997 0.00542539 0.0808193 0.0683725
FixedParameters: 0 0 0

#Transform 44
Transform: AffineTransform_float_3_3
Parameters: 0.999999 0.000663491 -0.00118198 -0.000667509 0.999996 -0.00297021 0.00118002 0.00297179 0.999995 0.0140007 0.182929 0.082785
FixedParameters: 0 0 0

#Transform 45
Transform: AffineTransform_float_3_3
Parameters: 0.999999 0.000669253 -0.00115917 -0.000672746 0.999994 -0.00323522 0.00115683 0.00323578 0.999994 0.00841677 0.150034 0.123201
FixedParameters: 0 0 0

#Transform 46
Transform: AffineTransform_float_3_3
Parameters: 0.999999 0.000706445 -0.00132943 -0.000710554 0.999994 -0.00342906 0.00132657 0.00342994 0.999993 0.0102384 0.164515 0.139762
FixedParameters: 0 0 0

#Transform 47
Transform: AffineTransform_float_3_3
Parameters: 0.999999 0.000513529 -0.00132913 -0.00051847 0.999992 -0.00411832 0.00132687 0.00411969 0.99999 0.00906441 0.20615 0.137196
FixedParameters: 0 0 0

#Transform 48
Transform: AffineTransform_float_3_3
Parameters: 0.999999 0.00076586 -0.00110787 -0.00077014 0.999992 -0.00374115 0.00110513 0.00374185 0.999993 -0.00735388 0.187563 0.146479
FixedParameters: 0 0 0

#Transform 49
Transform: AffineTransform_float_3_3
Parameters: 0.999999 0.000748868 -0.00118562 -0.000753129 0.999993 -0.00348811 0.00118238 0.00348889 0.999993 -0.00331692 0.218154 0.208992
FixedParameters: 0 0 0

#Transform 50
Transform: AffineTransform_float_3_3
Parameters: 1 0.000732866 -0.000910531 -0.000736136 0.999994 -0.00344633 0.000908468 0.00344667 0.999993 -0.0103275 0.197369 0.241488
FixedParameters: 0 0 0

#Transform 51
Transform: AffineTransform_float_3_3
Parameters: 0.999999 0.000731929 -0.0010309 -0.000736071 0.999992 -0.00395324 0.0010281 0.00395475 0.999991 -0.00548552 0.214517 0.260538
FixedParameters: 0 0 0

#Transform 52
Transform: AffineTransform_float_3_3
Parameters: 0.999999 0.000673651 -0.00134669 -0.00067935 0.999992 -0.00397509 0.00134431 0.00397591 0.999991 0.0116734 0.23059 0.264569
FixedParameters: 0 0 0

#Transform 53
Transform: AffineTransform_float_3_3
Parameters: 0.999999 0.000752473 -0.00127867 -0.000757529 0.999994 -0.00354404 0.00127632 0.00354497 0.999993 0.0167852 0.220546 0.271313
FixedParameters: 0 0 0

#Transform 54
Transform: AffineTransform_float_3_3
Parameters: 0.999999 0.000815963 -0.00118479 -0.000819038 0.999994 -0.00341103 0.00118221 0.00341197 0.999994 0.00471396 0.214368 0.22326
FixedParameters: 0 0 0

#Transform 55
Transform: AffineTransform_float_3_3
Parameters: 0.999998 0.00129005 -0.00150127 -0.00129495 0.999993 -0.00330306 0.00149673 0.00330494 0.999994 0.0100702 0.19003 0.183524
FixedParameters: 0 0 0

#Transform 56
Transform: AffineTransform_float_3_3
Parameters: 0.999998 0.00095635 -0.0013134 -0.000960648 0.999994 -0.00354374 0.0013096 0.00354526 0.999993 0.00917263 0.273026 0.174928
FixedParameters: 0 0 0

#Transform 57
Transform: AffineTransform_float_3_3
Parameters: 0.999999 0.000969462 -0.00150059 -0.000975535 0.999992 -0.00369354 0.00149641 0.00369546 0.999992 0.011644 0.234649 0.205278
FixedParameters: 0 0 0

#Transform 58
Transform: AffineTransform_float_3_3
Parameters: 0.999998 0.0010133 -0.00133136 -0.0010187 0.999991 -0.00428765 0.00132664 0.00428935 0.99999 0.000951642 0.301431 0.256704
FixedParameters: 0 0 0

#Transform 59
Transform: AffineTransform_float_3_3
Parameters: 0.999999 0.000783893 -0.00110692 -0.000788108 0.999993 -0.00371513 0.00110408 0.00371587 0.999993 -0.0134036 0.235715 0.314259
FixedParameters: 0 0 0

#Transform 60
Transform: AffineTransform_float_3_3
Parameters: 0.999999 0.00112119 -0.00100924 -0.00112481 0.999992 -0.00377787 0.00100576 0.00377913 0.999993 -0.0181912 0.253198 0.288985
FixedParameters: 0 0 0

#Transform 61
Transform: AffineTransform_float_3_3
Parameters: 0.999999 0.000774609 -0.00100762 -0.000778393 0.999994 -0.00337022 0.00100538 0.00337078 0.999994 -0.000425956 0.201256 0.258738
FixedParameters: 0 0 0

#Transform 62
Transform: AffineTransform_float_3_3
Parameters: 0.999999 0.000774446 -0.00100774 -0.000777556 0.999994 -0.00353122 0.00100526 0.00353278 0.999994 0.00332462 0.20899 0.272117
FixedParameters: 0 0 0

#Transform 63
Transform: AffineTransform_float_3_3
Parameters: 0.999998 0.00122956 -0.00154036 -0.00123544 0.999993 -0.0035371 0.00153564 0.00353889 0.999992 0.0204468 0.18499 0.22574
FixedParameters: 0 0 0

#Transform 64
Transform: AffineTransform_float_3_3
Parameters: 0.999998 0.00122957 -0.00144066 -0.00123543 0.999992 -0.00377723 0.00143534 0.00377877 0.999992 0.00287256 0.220728 0.20773
FixedParameters: 0 0 0

#Transform 65
Transform: AffineTransform_float_3_3
Parameters: 0.999999 0.000817743 -0.00115104 -0.000822257 0.999993 -0.00370305 0.00114796 0.00370394 0.999992 -0.00659052 0.223127 0.225698
FixedParameters: 0 0 0

#Transform 66
Transform: AffineTransform_float_3_3
Parameters: 0.999999 0.000788143 -0.00126205 -0.000792857 0.999993 -0.003853 0.00125895 0.003854 0.999992 -0.00170341 0.239552 0.222883
FixedParameters: 0 0 0

#Transform 67
Transform: AffineTransform_float_3_3
Parameters: 0.999998 0.0007799 -0.00142236 -0.000786097 0.99999 -0.00429288 0.00141864 0.00429411 0.99999 0.00529113 0.249087 0.263034
FixedParameters: 0 0 0

#Transform 68
Transform: AffineTransform_float_3_3
Parameters: 1 0.00063686 -0.000964747 -0.000641141 0.99999 -0.00429738 0.000962254 0.00429762 0.999991 -0.0154958 0.253309 0.314965
FixedParameters: 0 0 0

#Transform 69
Transform: AffineTransform_float_3_3
Parameters: 1 0.000552753 -0.00091857 -0.00055725 0.999989 -0.00463049 0.00091643 0.00463051 0.999989 -0.0189709 0.288162 0.33963
FixedParameters: 0 0 0

#Transform 70
Transform: AffineTransform_float_3_3
Parameters: 0.999999 0.000545426 -0.00144388 -0.000552574 0.999986 -0.00525021 0.00144112 0.00525079 0.999985 0.0106721 0.324508 0.320169
FixedParameters: 0 0 0

#Transform 71
Transform: AffineTransform_float_3_3
Parameters: 0.999999 0.000772911 -0.0010139 -0.00077709 0.999987 -0.00502922 0.0010101 0.00502978 0.999987 -0.0115633 0.31043 0.296116
FixedParameters: 0 0 0

#Transform 72
Transform: AffineTransform_float_3_3
Parameters: 0.999998 0.000927775 -0.00141476 -0.000935224 0.999986 -0.00511368 0.00141023 0.00511531 0.999986 0.0015308 0.321389 0.28733
FixedParameters: 0 0 0

#Transform 73
Transform: AffineTransform_float_3_3
Parameters: 1 0.000652337 -0.00101302 -0.000656664 0.999989 -0.00461034 0.00100998 0.00461066 0.999989 -0.0139712 0.275805 0.314499
FixedParameters: 0 0 0

#Transform 74
Transform: AffineTransform_float_3_3
Parameters: 0.999998 0.000864236 -0.00140817 -0.000870764 0.999988 -0.00481078 0.00140383 0.00481122 0.999988 0.00239464 0.307623 0.28314
FixedParameters: 0 0 0

#Transform 75
Transform: AffineTransform_float_3_3
Parameters: 0.999999 0.00119631 -0.00101555 -0.00120069 0.999988 -0.00463178 0.00100945 0.00463321 0.999989 -0.0219501 0.276109 0.255795
FixedParameters: 0 0 0

#Transform 76
Transform: AffineTransform_float_3_3
Parameters: 0.999999 0.00109463 -0.00101581 -0.00109937 0.999986 -0.00529789 0.00101019 0.00529912 0.999986 -0.0199283 0.328512 0.31777
FixedParameters: 0 0 0

#Transform 77
Transform: AffineTransform_float_3_3
Parameters: 0.999999 0.00082067 -0.000921873 -0.000825325 0.999988 -0.00470524 0.000917127 0.00470676 0.999989 -0.0165196 0.279965 0.355123
FixedParameters: 0 0 0

#Transform 78
Transform: AffineTransform_float_3_3
Parameters: 0.999998 0.000757857 -0.00146871 -0.000765144 0.999988 -0.00486888 0.00146529 0.00487012 0.999987 0.0127917 0.340064 0.336197
FixedParameters: 0 0 0

#Transform 79
Transform: AffineTransform_float_3_3
Parameters: 0.999999 0.000598327 -0.00113501 -0.000603674 0.999988 -0.00500532 0.00113199 0.00500568 0.999987 -0.00132627 0.30199 0.384653
FixedParameters: 0 0 0

#Transform 80
Transform: AffineTransform_float_3_3
Parameters: 1 0.000699242 -0.000972439 -0.00070376 0.999987 -0.00490032 0.000969563 0.00490168 0.999988 -0.00630312 0.297738 0.341518
FixedParameters: 0 0 0

#Transform 81
Transform: AffineTransform_float_3_3
Parameters: 0.999999 0.000733352 -0.00132869 -0.00073965 0.999987 -0.00501003 0.00132531 0.00501098 0.999987 0.00487048 0.319507 0.318583
FixedParameters: 0 0 0

#Transform 82
Transform: AffineTransform_float_3_3
Parameters: 0.999999 0.000659625 -0.00117361 -0.000665371 0.999985 -0.00543922 0.0011694 0.00544077 0.999984 -0.00608284 0.345246 0.3647
FixedParameters: 0 0 0

#Transform 83
Transform: AffineTransform_float_3_3
Parameters: 1 0.000566626 -0.000972153 -0.000571373 0.999984 -0.00553645 0.000968852 0.00553755 0.999984 -0.0239551 0.324855 0.383785
FixedParameters: 0 0 0

#Transform 84
Transform: AffineTransform_float_3_3
Parameters: 0.999999 0.000403216 -0.00122625 -0.000410782 0.999984 -0.0055365 0.00122374 0.0055375 0.999984 0.00620081 0.323682 0.408254
FixedParameters: 0 0 0

#Transform 85
Transform: AffineTransform_float_3_3
Parameters: 1 0.000482397 -0.00103762 -0.000488605 0.999986 -0.0054065 0.00103537 0.0054075 0.999985 -0.0144442 0.321897 0.382819
FixedParameters: 0 0 0

#Transform 86
Transform: AffineTransform_float_3_3
Parameters: 0.999999 0.000440402 -0.00126432 -0.000447596 0.999987 -0.00522244 0.00126168 0.00522356 0.999985 -0.00590413 0.345367 0.38161
FixedParameters: 0 0 0

#Transform 87
Transform: AffineTransform_float_3_3
Parameters: 0.999999 0.000755106 -0.00135343 -0.00076289 0.999982 -0.00584097 0.00134857 0.00584202 0.999982 0.00148758 0.385808 0.320344
FixedParameters: 0 0 0

#Transform 88
Transform: AffineTransform_float_3_3
Parameters: 0.999999 0.000351636 -0.000898118 -0.000357363 0.999982 -0.00597968 0.000895879 0.00597932 0.999981 -0.0171729 0.38038 0.3982
FixedParameters: 0 0 0

#Transform 89
Transform: AffineTransform_float_3_3
Parameters: 0.999999 0.000314499 -0.000897945 -0.000320501 0.999981 -0.00613271 0.000896051 0.00613328 0.999981 -0.00554258 0.363271 0.394037
FixedParameters: 0 0 0

#Transform 90
Transform: AffineTransform_float_3_3
Parameters: 0.999999 0.00052103 -0.00143329 -0.000529968 0.99998 -0.00626525 0.00142971 0.00626576 0.99998 0.0174143 0.378655 0.376697
FixedParameters: 0 0 0

#Transform 91
Transform: AffineTransform_float_3_3
Parameters: 0.999999 0.000555522 -0.00133214 -0.000563478 0.999984 -0.00562026 0.00132885 0.00562075 0.999984 0.0124895 0.341554 0.362603
FixedParameters: 0 0 0

#Transform 92
Transform: AffineTransform_float_3_3
Parameters: 0.999999 0.000644643 -0.00108381 -0.00065036 0.999983 -0.0058763 0.0010802 0.0058767 0.999982 -0.0078395 0.360037 0.339909
FixedParameters: 0 0 0

#Transform 93
Transform: AffineTransform_float_3_3
Parameters: 0.999999 0.000545309 -0.00116017 -0.000552691 0.999983 -0.00577536 0.00115683 0.00577563 0.999982 -0.00913535 0.318599 0.380693
FixedParameters: 0 0 0

#Transform 94
Transform: AffineTransform_float_3_3
Parameters: 0.999999 0.000321916 -0.000651035 -0.000326083 0.99998 -0.00628179 0.000648964 0.00628221 0.99998 -0.0244043 0.360137 0.375158
FixedParameters: 0 0 0

#Transform 95
Transform: AffineTransform_float_3_3
Parameters: 0.999999 0.000566874 -0.00111314 -0.000573126 0.999984 -0.00551137 0.00110986 0.00551163 0.999984 -0.0147057 0.351216 0.379055
FixedParameters: 0 0 0

#Transform 96
Transform: AffineTransform_float_3_3
Parameters: 0.999999 0.000620065 -0.00131928 -0.000626934 0.999986 -0.00526318 0.00131572 0.00526382 0.999986 -0.00776354 0.326616 0.405372
FixedParameters: 0 0 0

#Transform 97
Transform: AffineTransform_float_3_3
Parameters: 0.999999 0.000392692 -0.000806112 -0.000397306 0.999985 -0.00534968 0.000803886 0.00535032 0.999986 -0.0214945 0.344927 0.399073
FixedParameters: 0 0 0

#Transform 98
Transform: AffineTransform_float_3_3
Parameters: 0.999999 0.000398101 -0.000656765 -0.000400899 0.99999 -0.00441874 0.000655235 0.00441926 0.99999 -0.0323032 0.299915 0.481825
FixedParameters: 0 0 0

#Transform 99
Transform: AffineTransform_float_3_3
Parameters: 0.999999 0.000410759 -0.000802185 -0.00041424 0.999986 -0.00529367 0.000799818 0.00529433 0.999985 -0.0216151 0.336672 0.495566
FixedParameters: 0 0 0

#Transform 100
Transform: AffineTransform_float_3_3
Parameters: 0.999999 0.000232622 -0.000804279 -0.000237376 0.999985 -0.00544681 0.000802718 0.00544719 0.999985 -0.0281645 0.349404 0.482082
FixedParameters: 0 0 0

#Transform 101
Transform: AffineTransform_float_3_3
Parameters: 0.999999 0.000636293 -0.00110929 -0.000641706 0.999986 -0.00515229 0.00110571 0.00515271 0.999986 -0.00539888 0.382344 0.40953
FixedParameters: 0 0 0

#Transform 102
Transform: AffineTransform_float_3_3
Parameters: 0.999999 0.00066004 -0.00110458 -0.000665957 0.999985 -0.00540427 0.00110042 0.00540473 0.999985 -0.0131557 0.335309 0.450399
FixedParameters: 0 0 0

#Transform 103
Transform: AffineTransform_float_3_3
Parameters: 0.999999 0.000731532 -0.00111394 -0.000739468 0.999977 -0.00671818 0.00110906 0.00671982 0.999977 -0.0092198 0.504997 0.354815
FixedParameters: 0 0 0

#Transform 104
Transform: AffineTransform_float_3_3
Parameters: 0.999999 0.000735077 -0.0012971 -0.000743922 0.999976 -0.00689205 0.0012919 0.00689296 0.999976 -0.00704687 0.312222 0.471407
FixedParameters: 0 0 0

#Transform 105
Transform: AffineTransform_float_3_3
Parameters: 0.999999 0.000566843 -0.00113461 -0.000574154 0.99998 -0.00631836 0.0011304 0.00631865 0.99998 -0.0106885 0.388056 0.396957
FixedParameters: 0 0 0

#Transform 106
Transform: AffineTransform_float_3_3
Parameters: 0.999999 0.000764577 -0.00100293 -0.000770424 0.999979 -0.00642023 0.000998074 0.00642077 0.999979 -0.0182229 0.432301 0.309719
FixedParameters: 0 0 0

#Transform 107
Transform: AffineTransform_float_3_3
Parameters: 0.999999 0.00101736 -0.00107234 -0.00102365 0.99998 -0.00621391 0.00106666 0.00621509 0.99998 -0.0179399 0.332927 0.348198
FixedParameters: 0 0 0

#Transform 108
Transform: AffineTransform_float_3_3
Parameters: 0.999999 0.00101622 -0.00118272 -0.00102378 0.999977 -0.00659179 0.00117628 0.0065932 0.999977 -0.022412 0.382144 0.361425
FixedParameters: 0 0 0

#Transform 109
Transform: AffineTransform_float_3_3
Parameters: 0.999999 0.00101705 -0.00106865 -0.00102395 0.999978 -0.00651992 0.00106235 0.00652109 0.999978 -0.0256682 0.432181 0.362785
FixedParameters: 0 0 0

#Transform 110
Transform: AffineTransform_float_3_3
Parameters: 0.999999 0.000824337 -0.00101445 -0.000830667 0.999978 -0.00658516 0.00100955 0.00658584 0.999978 -0.0213249 0.402215 0.395175
FixedParameters: 0 0 0

#Transform 111
Transform: AffineTransform_float_3_3
Parameters: 0.999999 0.0010303 -0.00116784 -0.0010377 0.999977 -0.0066088 0.00116117 0.00661021 0.999978 -0.0222315 0.402712 0.425094
FixedParameters: 0 0 0

#Transform 112
Transform: AffineTransform_float_3_3
Parameters: 0.999998 0.00102986 -0.00126567 -0.00103714 0.999978 -0.0064467 0.00125934 0.00644831 0.999979 -0.0324854 0.371773 0.401999
FixedParameters: 0 0 0

#Transform 113
Transform: AffineTransform_float_3_3
Parameters: 0.999998 0.00102851 -0.00138311 -0.00103749 0.999976 -0.00687658 0.0013759 0.00687743 0.999976 -0.0268449 0.408836 0.359876
FixedParameters: 0 0 0

#Transform 114
Transform: AffineTransform_float_3_3
Parameters: 0.999999 0.000928477 -0.00149197 -0.000938525 0.999979 -0.00639561 0.00148603 0.00639639 0.999979 -0.00964896 0.431633 0.338391
FixedParameters: 0 0 0

#Transform 115
Transform: AffineTransform_float_3_3
Parameters: 0.999998 0.000712405 -0.00149908 -0.000723594 0.999974 -0.00707892 0.00149391 0.00708007 0.999974 -0.0153973 0.464312 0.410155
FixedParameters: 0 0 0

#Transform 116
Transform: AffineTransform_float_3_3
Parameters: 0.999999 0.000398283 -0.00175593 -0.000410718 0.999973 -0.00724829 0.00175307 0.00724871 0.999972 0.0152359 0.478566 0.527855
FixedParameters: 0 0 0

#Transform 117
Transform: AffineTransform_float_3_3
Parameters: 0.999997 0.000621003 -0.00203732 -0.000634994 0.999976 -0.00687672 0.00203268 0.00687828 0.999975 0.0160969 0.368913 0.572099
FixedParameters: 0 0 0

#Transform 118
Transform: AffineTransform_float_3_3
Parameters: 0.999924 0.00667521 -0.0103445 -0.00673679 0.99996 -0.00585276 0.0103055 0.00592224 0.99993 0.0100796 0.510058 0.591872
FixedParameters: 0 0 0

#Transform 119
Transform: AffineTransform_float_3_3
Parameters: 0.999847 0.00898983 -0.0150179 -0.00907015 0.999944 -0.0053446 0.0149691 0.00548041 0.999873 0.0796479 0.419534 0.743958
FixedParameters: 0 0 0

#Transform 120
Transform: AffineTransform_float_3_3
Parameters: 0.999887 0.00780528 -0.0128522 -0.00787573 0.999954 -0.0054614 0.0128098 0.00556162 0.999903 0.0597018 0.42697 0.681854
FixedParameters: 0 0 0

#Transform 121
Transform: AffineTransform_float_3_3
Parameters: 0.999959 0.003132 -0.0084784 -0.00318401 0.999976 -0.00612726 0.00845961 0.00615375 0.999946 0.178681 0.367223 0.826473
FixedParameters: 0 0 0

#Transform 122
Transform: AffineTransform_float_3_3
Parameters: 0.999932 0.0049984 -0.0105439 -0.00505959 0.999971 -0.00572804 0.0105151 0.00578095 0.999928 0.0544569 0.434239 0.881944
FixedParameters: 0 0 0

#Transform 123
Transform: AffineTransform_float_3_3
Parameters: 0.999959 0.00328281 -0.00845626 -0.00333219 0.999977 -0.00580906 0.00843774 0.00583694 0.999948 0.106016 0.405896 0.840666
FixedParameters: 0 0 0

#Transform 124
Transform: AffineTransform_float_3_3
Parameters: 0.999972 0.00068567 -0.00754214 -0.000769337 0.999937 -0.0111835 0.00753487 0.0111895 0.999909 0.192834 0.531845 1.08661
FixedParameters: 0 0 0

#Transform 125
Transform: AffineTransform_float_3_3
Parameters: 0.999962 0.00243393 -0.0084412 -0.00252308 0.999941 -0.0105581 0.0084148 0.0105789 0.999908 0.0902891 0.612461 1.12277
FixedParameters: 0 0 0

#Transform 126
Transform: AffineTransform_float_3_3
Parameters: 0.999966 0.0033453 -0.00743998 -0.00343469 0.999921 -0.0120759 0.00739902 0.0121012 0.9999 0.0049552 0.695307 1.10689
FixedParameters: 0 0 0

#Transform 127
Transform: AffineTransform_float_3_3
Parameters: 0.999966 0.00308847 -0.00761419 -0.00318153 0.999921 -0.0121712 0.0075758 0.0121948 0.999897 0.0285406 0.700611 1.07935
FixedParameters: 0 0 0

#Transform 128
Transform: AffineTransform_float_3_3
Parameters: 0.999967 0.00313898 -0.00751338 -0.00322701 0.999926 -0.0117311 0.00747562 0.0117559 0.999903 0.0184928 0.66991 1.11612
FixedParameters: 0 0 0

#Transform 129
Transform: AffineTransform_float_3_3
Parameters: 0.999966 0.00313523 -0.00771776 -0.00322877 0.999921 -0.0121675 0.00767925 0.0121925 0.999896 0.0319255 0.736893 1.10982
FixedParameters: 0 0 0

#Transform 130
Transform: AffineTransform_float_3_3
Parameters: 0.999971 0.00335745 -0.00693608 -0.00343455 0.999932 -0.0111995 0.00689793 0.0112225 0.999913 -0.0468038 0.678153 1.27106
FixedParameters: 0 0 0

#Transform 131
Transform: AffineTransform_float_3_3
Parameters: 0.999966 0.00281337 -0.00776855 -0.00289864 0.999935 -0.0110339 0.00773746 0.0110551 0.999909 0.0495698 0.687074 1.34038
FixedParameters: 0 0 0

#Transform 132
Transform: AffineTransform_float_3_3
Parameters: 0.999966 0.00294663 -0.0077707 -0.00303338 0.999932 -0.0112558 0.00773732 0.0112792 0.999907 0.0562744 0.671788 1.37219
FixedParameters: 0 0 0

#Transform 133
Transform: AffineTransform_float_3_3
Parameters: 0.999851 0.00529113 -0.0164722 -0.00545189 0.999939 -0.00967665 0.0164198 0.00976435 0.999818 0.174978 0.658341 1.54968
FixedParameters: 0 0 0

#Transform 134
Transform: AffineTransform_float_3_3
Parameters: 0.999267 0.0155338 -0.0349694 -0.0155822 0.999878 -0.00110591 0.0349485 0.00165009 0.999388 0.296046 0.35341 1.86509
FixedParameters: 0 0 0

#Transform 135
Transform: AffineTransform_float_3_3
Parameters: 0.999323 0.0152702 -0.0334743 -0.0154718 0.999864 -0.00574798 0.0333827 0.006262 0.999423 0.207717 0.605601 1.73845
FixedParameters: 0 0 0

#Transform 136
Transform: AffineTransform_float_3_3
Parameters: 0.999438 0.0128024 -0.0309975 -0.0130236 0.999891 -0.00695822 0.0309056 0.0073588 0.999495 0.271627 0.591904 1.72335
FixedParameters: 0 0 0

#Transform 137
Transform: AffineTransform_float_3_3
Parameters: 0.999544 0.0103951 -0.0283474 -0.0106249 0.999912 -0.00797245 0.0282616 0.00827055 0.999567 0.303288 0.599438 1.67401
FixedParameters: 0 0 0

#Transform 138
Transform: AffineTransform_float_3_3
Parameters: 0.999583 0.0100553 -0.0270909 -0.0103017 0.999906 -0.00898366 0.0269981 0.00925833 0.999592 0.283374 0.670659 1.65848
FixedParameters: 0 0 0

#Transform 139
Transform: AffineTransform_float_3_3
Parameters: 0.99966 0.00540271 -0.025502 -0.0056283 0.999946 -0.00881046 0.025453 0.00895056 0.999636 0.483289 0.635042 1.57373
FixedParameters: 0 0 0

#Transform 140
Transform: AffineTransform_float_3_3
Parameters: 0.999597 0.0082889 -0.0271506 -0.00857711 0.999908 -0.0105124 0.0270614 0.0107406 0.999576 0.355805 0.749954 1.53913
FixedParameters: 0 0 0

#Transform 141
Transform: AffineTransform_float_3_3
Parameters: 0.999655 0.00840726 -0.0248884 -0.00869374 0.999898 -0.0113946 0.0247906 0.0116074 0.999626 0.277621 0.666758 1.59121
FixedParameters: 0 0 0

#Transform 142
Transform: AffineTransform_float_3_3
Parameters: 0.999761 0.00671598 -0.0208018 -0.00704703 0.999849 -0.0158812 0.0206922 0.0160238 0.999658 0.261346 0.760926 1.39024
FixedParameters: 0 0 0

#Transform 143
Transform: AffineTransform_float_3_3
Parameters: 0.999786 0.00546689 -0.0199449 -0.00586012 0.999788 -0.0197053 0.0198331 0.0198177 0.999607 0.267677 1.06624 1.26282
FixedParameters: 0 0 0

#Transform 144
Transform: AffineTransform_float_3_3
Parameters: 0.999742 0.00722263 -0.0215422 -0.00763037 0.999791 -0.0189355 0.0214008 0.0190945 0.999588 0.200788 1.01668 1.23963
FixedParameters: 0 0 0

#Transform 145
Transform: AffineTransform_float_3_3
Parameters: 0.999758 0.00679522 -0.0209496 -0.00719381 0.999793 -0.0190199 0.0208164 0.0191651 0.999599 0.212441 1.00123 1.25909
FixedParameters: 0 0 0

#Transform 146
Transform: AffineTransform_float_3_3
Parameters: 0.999782 0.00650082 -0.0198328 -0.00688718 0.999787 -0.0194656 0.0197022 0.0195983 0.999614 0.199541 1.05695 1.2347
FixedParameters: 0 0 0

#Transform 147
Transform: AffineTransform_float_3_3
Parameters: 0.999782 0.006652 -0.0198213 -0.00704501 0.999778 -0.0198237 0.0196858 0.0199593 0.999607 0.188354 1.04297 1.22484
FixedParameters: 0 0 0

#Transform 148
Transform: AffineTransform_float_3_3
Parameters: 0.999786 0.00634419 -0.0196541 -0.0067338 0.99978 -0.0198309 0.0195239 0.0199591 0.99961 0.187837 1.01138 1.21128
FixedParameters: 0 0 0

#Transform 149
Transform: AffineTransform_float_3_3
Parameters: 0.999791 0.00628045 -0.01945 -0.00666056 0.999787 -0.0195636 0.019323 0.0196885 0.99962 0.20688 1.04358 1.2564
FixedParameters: 0 0 0

#Transform 150
Transform: AffineTransform_float_3_3
Parameters: 0.999793 0.00640821 -0.0192749 -0.00679179 0.999778 -0.0199122 0.0191431 0.0200388 0.999616 0.196043 1.04177 1.22916
FixedParameters: 0 0 0

#Transform 151
Transform: AffineTransform_float_3_3
Parameters: 0.999794 0.00637978 -0.0192572 -0.00676222 0.999779 -0.0199009 0.0191258 0.0200272 0.999617 0.194631 1.08226 1.23006
FixedParameters: 0 0 0

#Transform 152
Transform: AffineTransform_float_3_3
Parameters: 0.9998 0.00618924 -0.0190176 -0.00657677 0.999771 -0.020395 0.0188874 0.020516 0.999611 0.189573 1.08703 1.17961
FixedParameters: 0 0 0

#Transform 153
Transform: AffineTransform_float_3_3
Parameters: 0.999797 0.00617503 -0.0191405 -0.00655697 0.99978 -0.0199585 0.0190125 0.0200795 0.999617 0.188427 1.06221 1.21933
FixedParameters: 0 0 0

#Transform 154
Transform: AffineTransform_float_3_3
Parameters: 0.999799 0.00618448 -0.0190346 -0.00656952 0.999773 -0.020258 0.0189054 0.020379 0.999613 0.169367 1.08709 1.22784
FixedParameters: 0 0 0

#Transform 155
Transform: AffineTransform_float_3_3
Parameters: 0.999798 0.0061766 -0.0191154 -0.00657541 0.999761 -0.0208505 0.0189816 0.0209715 0.9996 0.169841 1.10152 1.2111
FixedParameters: 0 0 0

#Transform 156
Transform: AffineTransform_float_3_3
Parameters: 0.999799 0.00642248 -0.0189666 -0.00681852 0.999759 -0.0208629 0.0188284 0.0209881 0.999603 0.157844 1.07139 1.19324
FixedParameters: 0 0 0

#Transform 157
Transform: AffineTransform_float_3_3
Parameters: 0.9998 0.00639588 -0.0189212 -0.00678011 0.999771 -0.0203068 0.0187868 0.0204312 0.999614 0.150345 1.08443 1.22393
FixedParameters: 0 0 0

#Transform 158
Transform: AffineTransform_float_3_3
Parameters: 0.9998 0.00640405 -0.018947 -0.00679595 0.999762 -0.0206954 0.01881 0.0208196 0.999607 0.160563 1.13182 1.19517
FixedParameters: 0 0 0

#Transform 159
Transform: AffineTransform_float_3_3
Parameters: 0.999844 0.00544946 -0.0167866 -0.00580557 0.999759 -0.0212059 0.0166674 0.0212992 0.999634 0.157957 1.10527 1.27626
FixedParameters: 0 0 0

#Transform 160
Transform: AffineTransform_float_3_3
Parameters: 0.999842 0.00534045 -0.0169461 -0.00568454 0.999778 -0.0202899 0.0168339 0.0203831 0.99965 0.106199 1.04723 1.32508
FixedParameters: 0 0 0

#Transform 161
Transform: AffineTransform_float_3_3
Parameters: 0.999847 0.00510134 -0.0167393 -0.00544666 0.999771 -0.020669 0.0166307 0.020757 0.999646 0.131956 1.05645 1.26741
FixedParameters: 0 0 0

#Transform 162
Transform: AffineTransform_float_3_3
Parameters: 0.999866 0.00487508 -0.0156615 -0.00520792 0.99976 -0.0212863 0.0155545 0.0213657 0.99965 0.127179 1.20414 1.13734
FixedParameters: 0 0 0

#Transform 163
Transform: AffineTransform_float_3_3
Parameters: 0.999901 0.00257036 -0.013851 -0.00285167 0.999791 -0.0202805 0.013797 0.0203175 0.999699 0.239998 1.12242 1.14696
FixedParameters: 0 0 0

#Transform 164
Transform: AffineTransform_float_3_3
Parameters: 0.999889 0.00329042 -0.0145775 -0.00356758 0.999812 -0.0190571 0.0145116 0.0191069 0.999712 0.193484 0.888107 1.24164
FixedParameters: 0 0 0

#Transform 165
Transform: AffineTransform_float_3_3
Parameters: 0.999895 0.00332609 -0.0141477 -0.00358993 0.99982 -0.0186702 0.0140833 0.0187188 0.999725 0.180733 0.968462 1.229
FixedParameters: 0 0 0

#Transform 166
Transform: AffineTransform_float_3_3
Parameters: 0.999895 0.00328526 -0.0141588 -0.00355775 0.999809 -0.0192107 0.0140932 0.0192583 0.999715 0.176658 1.0168 1.28371
FixedParameters: 0 0 0

#Transform 167
Transform: AffineTransform_float_3_3
Parameters: 0.999894 0.00302947 -0.0142423 -0.00329655 0.999819 -0.018728 0.0141837 0.018773 0.999723 0.185374 1.0133 1.33291
FixedParameters: 0 0 0

#Transform 168
Transform: AffineTransform_float_3_3
Parameters: 0.999887 0.00368124 -0.0145822 -0.00394876 0.999824 -0.0183765 0.0145118 0.0184315 0.999725 0.19189 0.984136 1.25953
FixedParameters: 0 0 0

#Transform 169
Transform: AffineTransform_float_3_3
Parameters: 0.99988 0.00418914 -0.0149107 -0.00447286 0.999809 -0.0190556 0.0148273 0.0191194 0.999707 0.185394 1.01399 1.24501
FixedParameters: 0 0 0

#Transform 170
Transform: AffineTransform_float_3_3
Parameters: 0.999881 0.00435862 -0.014799 -0.00464737 0.999799 -0.0195075 0.014711 0.0195745 0.9997 0.150173 1.05611 1.25457
FixedParameters: 0 0 0

#Transform 171
Transform: AffineTransform_float_3_3
Parameters: 0.999872 0.00468663 -0.0152814 -0.00497738 0.999806 -0.0190844 0.0151896 0.0191586 0.999701 0.157742 1.03862 1.30621
FixedParameters: 0 0 0

#Transform 172
Transform: AffineTransform_float_3_3
Parameters: 0.999883 0.00418438 -0.0146985 -0.00445461 0.999821 -0.0183587 0.0146186 0.0184223 0.999724 0.147287 0.994308 1.37267
FixedParameters: 0 0 0

#Transform 173
Transform: AffineTransform_float_3_3
Parameters: 0.999881 0.00440917 -0.0147857 -0.00468982 0.999808 -0.0190129 0.0146983 0.0190801 0.99971 0.143213 1.06688 1.3021
FixedParameters: 0 0 0

#Transform 174
Transform: AffineTransform_float_3_3
Parameters: 0.999882 0.00411873 -0.014814 -0.00440227 0.999806 -0.019208 0.014732 0.0192709 0.999706 0.152552 1.03452 1.29081
FixedParameters: 0 0 0

#Transform 175
Transform: AffineTransform_float_3_3
Parameters: 0.999883 0.00417522 -0.0146825 -0.00445278 0.999812 -0.0188688 0.0146014 0.0189322 0.999714 0.1553 1.01229 1.2608
FixedParameters: 0 0 0

#Transform 176
Transform: AffineTransform_float_3_3
Parameters: 0.999881 0.00458117 -0.0147343 -0.00485882 0.99981 -0.0188757 0.0146447 0.0189454 0.999714 0.147327 1.0214 1.25248
FixedParameters: 0 0 0

#Transform 177
Transform: AffineTransform_float_3_3
Parameters: 0.999877 0.00430883 -0.0150817 -0.00459518 0.999809 -0.018992 0.0149973 0.019059 0.999706 0.169787 1.06709 1.24597
FixedParameters: 0 0 0

#Transform 178
Transform: AffineTransform_float_3_3
Parameters: 0.999922 -0.000449165 -0.0124819 0.000221831 0.999835 -0.0181952 0.0124881 0.0181908 0.999756 0.383039 0.929767 1.32946
FixedParameters: 0 0 0

#Transform 179
Transform: AffineTransform_float_3_3
Parameters: 0.999907 0.00207953 -0.0135303 -0.00237748 0.999754 -0.0220819 0.0134808 0.0221111 0.999664 0.263436 1.12557 1.25959
FixedParameters: 0 0 0

#Transform 180
Transform: AffineTransform_float_3_3
Parameters: 0.999918 0.000724251 -0.0128333 -0.00102274 0.99973 -0.0232098 0.0128127 0.0232212 0.999648 0.303154 1.16583 1.19706
FixedParameters: 0 0 0

#Transform 181
Transform: AffineTransform_float_3_3
Parameters: 0.999915 -0.000556726 -0.0130085 0.000252259 0.999726 -0.0234153 0.0130185 0.0234097 0.999641 0.343628 1.1011 1.18092
FixedParameters: 0 0 0

#Transform 182
Transform: AffineTransform_float_3_3
Parameters: 0.999901 0.0019268 -0.0139489 -0.0022772 0.999681 -0.0251337 0.0138961 0.0251633 0.999587 0.205674 1.24837 1.15836
FixedParameters: 0 0 0

#Transform 183
Transform: AffineTransform_float_3_3
Parameters: 0.999901 0.00159123 -0.0140168 -0.00194578 0.999677 -0.0253332 0.0139722 0.0253578 0.999581 0.220583 1.24483 1.21046
FixedParameters: 0 0 0

#Transform 184
Transform: AffineTransform_float_3_3
Parameters: 0.9999 0.0017113 -0.0139979 -0.0020667 0.999676 -0.0253646 0.01395 0.0253904 0.999581 0.211295 1.25794 1.21917
FixedParameters: 0 0 0

#Transform 185
Transform: AffineTransform_float_3_3
Parameters: 0.999898 0.00225242 -0.0141389 -0.00260558 0.999683 -0.0250387 0.0140781 0.0250733 0.999587 0.197359 1.25021 1.21671
FixedParameters: 0 0 0

#Transform 186
Transform: AffineTransform_float_3_3
Parameters: 0.9999 0.00222017 -0.0139656 -0.00256781 0.999687 -0.0248656 0.0139054 0.0248994 0.999593 0.193574 1.23914 1.18147
FixedParameters: 0 0 0

#Transform 187
Transform: AffineTransform_float_3_3
Parameters: 0.999894 0.00237206 -0.01435 -0.00273095 0.999683 -0.0250465 0.014286 0.0250826 0.999584 0.202232 1.26717 1.18736
FixedParameters: 0 0 0

#Transform 188
Transform: AffineTransform_float_3_3
Parameters: 0.999889 0.00244516 -0.0146878 -0.00281785 0.999674 -0.0253494 0.0146212 0.0253876 0.99957 0.211072 1.29881 1.17334
FixedParameters: 0 0 0

#Transform 189
Transform: AffineTransform_float_3_3
Parameters: 0.999891 0.00278175 -0.0145436 -0.00314724 0.999678 -0.025152 0.0144684 0.025195 0.999578 0.19065 1.2738 1.18586
FixedParameters: 0 0 0

#Transform 190
Transform: AffineTransform_float_3_3
Parameters: 0.999887 0.00292411 -0.0147845 -0.00329591 0.999677 -0.0251931 0.0147066 0.0252389 0.999574 0.173116 1.24114 1.21217
FixedParameters: 0 0 0

