# transform file /out/sourcedata/freesurfer/sub-v1s9x0051358_ses-1/mri/transforms/cc_up.lta
# created by oesteban on Tue Mar 10 09:12:19 2026

type      = 0 # LINEAR_VOX_TO_VOX
nxforms   = 1
mean      = 129.0000 92.0000 117.0000
sigma     = 10000.0000
1 4 4
9.993926286697388e-01 -1.066739019006491e-02 -3.317807614803314e-02 5.280085563659668e+00 
1.066151633858681e-02 9.999431967735291e-01 -3.539435856509954e-04 4.867572021484375e+01 
3.317996487021446e-02 0.000000000000000e+00 9.994494915008545e-01 6.800399303436279e+00 
0.000000000000000e+00 0.000000000000000e+00 0.000000000000000e+00 1.000000000000000e+00 
src volume info
valid = 1  # volume info valid
filename = /out/sourcedata/freesurfer/sub-v1s9x0051358_ses-1/mri/norm.mgz
volume = 256 256 256
voxelsize = 1.000000000000000e+00 1.000000000000000e+00 1.000000000000000e+00
xras   = -1.000000000000000e+00 0.000000000000000e+00 0.000000000000000e+00
yras   = 0.000000000000000e+00 0.000000000000000e+00 -1.000000000000000e+00
zras   = 0.000000000000000e+00 1.000000000000000e+00 0.000000000000000e+00
cras   = 2.936706542968750e-01 -9.024078369140625e+00 3.129055786132812e+01
dst volume info
valid = 1  # volume info valid
filename = /out/sourcedata/freesurfer/sub-v1s9x0051358_ses-1/mri/norm.mgz
volume = 256 256 256
voxelsize = 1.000000000000000e+00 1.000000000000000e+00 1.000000000000000e+00
xras   = -1.000000000000000e+00 0.000000000000000e+00 0.000000000000000e+00
yras   = 0.000000000000000e+00 0.000000000000000e+00 -1.000000000000000e+00
zras   = 0.000000000000000e+00 1.000000000000000e+00 0.000000000000000e+00
cras   = 2.936706542968750e-01 -9.024078369140625e+00 3.129055786132812e+01
