# transform file /out/sourcedata/freesurfer/sub-v1s9x0051352_ses-1/mri/transforms/cc_up.lta
# created by oesteban on Tue Mar 10 08:47:06 2026

type      = 0 # LINEAR_VOX_TO_VOX
nxforms   = 1
mean      = 128.0000 113.0000 125.0000
sigma     = 10000.0000
1 4 4
9.959961175918579e-01 -5.439884215593338e-02 7.094036787748337e-02 -2.730272054672241e+00 
5.426138266921043e-02 9.985193014144897e-01 3.864796599373221e-03 2.173107337951660e+01 
-7.104557007551193e-02 0.000000000000000e+00 9.974730610847473e-01 1.540023326873779e+01 
0.000000000000000e+00 0.000000000000000e+00 0.000000000000000e+00 1.000000000000000e+00 
src volume info
valid = 1  # volume info valid
filename = /out/sourcedata/freesurfer/sub-v1s9x0051352_ses-1/mri/norm.mgz
volume = 256 256 256
voxelsize = 1.000000000000000e+00 1.000000000000000e+00 1.000000000000000e+00
xras   = -1.000000000000000e+00 0.000000000000000e+00 0.000000000000000e+00
yras   = 0.000000000000000e+00 0.000000000000000e+00 -1.000000000000000e+00
zras   = 0.000000000000000e+00 1.000000000000000e+00 0.000000000000000e+00
cras   = 5.717399597167969e+00 -1.275894165039062e+00 -2.604600524902344e+01
dst volume info
valid = 1  # volume info valid
filename = /out/sourcedata/freesurfer/sub-v1s9x0051352_ses-1/mri/norm.mgz
volume = 256 256 256
voxelsize = 1.000000000000000e+00 1.000000000000000e+00 1.000000000000000e+00
xras   = -1.000000000000000e+00 0.000000000000000e+00 0.000000000000000e+00
yras   = 0.000000000000000e+00 0.000000000000000e+00 -1.000000000000000e+00
zras   = 0.000000000000000e+00 1.000000000000000e+00 0.000000000000000e+00
cras   = 5.717399597167969e+00 -1.275894165039062e+00 -2.604600524902344e+01
