#Insight Transform File V1.0
#Transform 0
Transform: AffineTransform_float_3_3
Parameters: 0.999996 6.61468e-05 -0.00267687 -9.48566e-05 0.999942 -0.0107808 0.00267613 0.0107802 0.999939 0.173529 0.310609 -0.375067
FixedParameters: 0 0 0

#Transform 1
Transform: AffineTransform_float_3_3
Parameters: 0.999997 0.000332406 -0.00267957 -0.000359588 0.999947 -0.0103041 0.00267544 0.0103049 0.999944 0.139623 0.333695 -0.403746
FixedParameters: 0 0 0

#Transform 2
Transform: AffineTransform_float_3_3
Parameters: 0.999996 0.000357482 -0.00284514 -0.000389516 0.999938 -0.0110849 0.00284086 0.0110861 0.999935 0.130673 0.370755 -0.385927
FixedParameters: 0 0 0

#Transform 3
Transform: AffineTransform_float_3_3
Parameters: 0.999996 0.000397181 -0.00257228 -0.000424815 0.999945 -0.0104339 0.00256771 0.0104351 0.999943 0.101246 0.355835 -0.306716
FixedParameters: 0 0 0

#Transform 4
Transform: AffineTransform_float_3_3
Parameters: 0.999998 0.000490456 -0.00191059 -0.000507548 0.999957 -0.00919304 0.00190641 0.00919395 0.999956 0.0591711 0.318424 -0.220428
FixedParameters: 0 0 0

#Transform 5
Transform: AffineTransform_float_3_3
Parameters: 0.999999 0.000432807 -0.00172189 -0.000448195 0.999961 -0.00883325 0.00171811 0.00883376 0.99996 0.0405545 0.286703 -0.131774
FixedParameters: 0 0 0

#Transform 6
Transform: AffineTransform_float_3_3
Parameters: 0.999998 0.0006726 -0.00210963 -0.000690402 0.999965 -0.00825756 0.00210437 0.00825943 0.999963 0.0305118 0.285944 -0.0940773
FixedParameters: 0 0 0

#Transform 7
Transform: AffineTransform_float_3_3
Parameters: 0.999999 0.000717337 -0.00172375 -0.000730667 0.999968 -0.00793976 0.00171825 0.00794025 0.999967 0.00458474 0.301331 -0.076031
FixedParameters: 0 0 0

#Transform 8
Transform: AffineTransform_float_3_3
Parameters: 0.999998 0.000877143 -0.00137832 -0.000886854 0.999974 -0.00716679 0.00137168 0.00716821 0.999974 -0.0347621 0.269196 -0.0675324
FixedParameters: 0 0 0

#Transform 9
Transform: AffineTransform_float_3_3
Parameters: 0.999999 0.000831692 -0.00127944 -0.000840306 0.999979 -0.00650694 0.00127356 0.00650807 0.999978 -0.0310706 0.232528 -0.0888186
FixedParameters: 0 0 0

#Transform 10
Transform: AffineTransform_float_3_3
Parameters: 0.999998 0.000740731 -0.00152354 -0.000750272 0.999981 -0.00609287 0.00151946 0.00609314 0.999981 -0.000298302 0.232932 -0.0923158
FixedParameters: 0 0 0

#Transform 11
Transform: AffineTransform_float_3_3
Parameters: 0.999998 0.000655129 -0.0017637 -0.000664873 0.999984 -0.00560184 0.0017603 0.00560316 0.999983 0.0351912 0.208638 -0.0970066
FixedParameters: 0 0 0

#Transform 12
Transform: AffineTransform_float_3_3
Parameters: 0.999999 0.000613315 -0.00134906 -0.000620684 0.999987 -0.00496016 0.00134594 0.00496083 0.999987 0.00433483 0.180959 -0.0573894
FixedParameters: 0 0 0

#Transform 13
Transform: AffineTransform_float_3_3
Parameters: 0.999999 0.000409471 -0.00134769 -0.00041453 0.999991 -0.00410444 0.00134631 0.00410555 0.99999 0.0157603 0.140263 -0.0091799
FixedParameters: 0 0 0

#Transform 14
Transform: AffineTransform_float_3_3
Parameters: 0.999999 0.000633708 -0.00134803 -0.000638292 0.999994 -0.00318614 0.00134597 0.00318686 0.999994 -0.0024505 0.132685 0.00953453
FixedParameters: 0 0 0

#Transform 15
Transform: AffineTransform_float_3_3
Parameters: 0.999999 0.000920195 -0.000872907 -0.000921806 0.999998 -0.0020702 0.000871093 0.0020708 0.999997 -0.040839 0.0866297 0.0570241
FixedParameters: 0 0 0

#Transform 16
Transform: AffineTransform_float_3_3
Parameters: 0.999999 0.00139241 0.000576015 -0.00139159 0.999999 -0.000707802 -0.000576985 0.000707197 0.999999 -0.0651237 0.0401699 0.0561306
FixedParameters: 0 0 0

#Transform 17
Transform: AffineTransform_float_3_3
Parameters: 0.999998 0.00128455 0.00107754 -0.00128545 0.999999 0.000416616 -0.00107746 -0.000418385 1 -0.0995482 -0.000344077 0.00445499
FixedParameters: 0 0 0

#Transform 18
Transform: AffineTransform_float_3_3
Parameters: 1 0.000431987 0.000237023 -0.000432013 1 5.38976e-05 -0.000236977 -5.41024e-05 1 -0.0330545 -0.00654055 -0.01369
FixedParameters: 0 0 0

#Transform 19
Transform: AffineTransform_float_3_3
Parameters: 1 -0.000438 -7.93264e-07 0.000437999 1 -0.000472 1.20674e-06 0.000471999 1 0.0160576 0.0262061 -0.0150959
FixedParameters: 0 0 0

#Transform 20
Transform: AffineTransform_float_3_3
Parameters: 1 -0.000167 -9.52238e-07 0.000167 1 -0.000286 1.04776e-06 0.000286 1 0.00015953 0.0116626 -0.00582335
FixedParameters: 0 0 0

#Transform 21
Transform: AffineTransform_float_3_3
Parameters: 1 0.000289 -1.02977e-06 -0.000289 1 -0.000103 9.70233e-07 0.000103 1 -0.0312454 0.00757359 0.00787735
FixedParameters: 0 0 0

#Transform 22
Transform: AffineTransform_float_3_3
Parameters: 1 0.000289 -1.05029e-06 -0.000289 1 -0.000174 9.49714e-07 0.000174 1 -0.0447024 0.0318971 0.0067164
FixedParameters: 0 0 0

#Transform 23
Transform: AffineTransform_float_3_3
Parameters: 1 0.00052 -1.09048e-06 -0.00052 1 -0.000173999 9.0952e-07 0.000174 1 -0.0550255 0.0459965 0.0229678
FixedParameters: 0 0 0

#Transform 24
Transform: AffineTransform_float_3_3
Parameters: 1 0.000638041 -0.000128794 -0.000637958 0.999999 0.000323082 0.000128206 -0.000322918 1 -0.0601607 0.0172182 0.0476685
FixedParameters: 0 0 0

#Transform 25
Transform: AffineTransform_float_3_3
Parameters: 0.999999 0.00075409 -0.000159574 -0.000753909 0.999999 0.00056512 0.000159427 -0.00056588 1 -0.067255 0.0103177 0.0569361
FixedParameters: 0 0 0

#Transform 26
Transform: AffineTransform_float_3_3
Parameters: 0.999999 0.000924 -3.50427e-07 -0.000924 1 0.000703001 6.49572e-07 -0.000703 1 -0.102939 0.00192467 0.070544
FixedParameters: 0 0 0

#Transform 27
Transform: AffineTransform_float_3_3
Parameters: 0.999999 0.000945164 -0.000168076 -0.000944835 0.999999 0.000977159 0.000168923 -0.00097684 0.999999 -0.0949972 -0.0119254 0.086364
FixedParameters: 0 0 0

#Transform 28
Transform: AffineTransform_float_3_3
Parameters: 1 0.001035 3.70341e-07 -0.001035 0.999998 0.001324 1.37034e-06 -0.001324 0.999999 -0.121721 -0.0171178 0.123711
FixedParameters: 0 0 0

#Transform 29
Transform: AffineTransform_float_3_3
Parameters: 1 0.001076 5.9571e-07 -0.001076 0.999999 0.001483 5.9571e-07 -0.001483 0.999999 -0.122231 -0.0251424 0.119868
FixedParameters: 0 0 0

#Transform 30
Transform: AffineTransform_float_3_3
Parameters: 0.999999 0.001505 1.37188e-06 -0.001505 0.999997 0.001576 1.37188e-06 -0.001576 0.999999 -0.155564 -0.018301 0.125058
FixedParameters: 0 0 0

#Transform 31
Transform: AffineTransform_float_3_3
Parameters: 0.999999 0.001305 1.54214e-06 -0.001305 0.999998 0.001948 5.42146e-07 -0.001948 0.999998 -0.146894 -0.0367478 0.130966
FixedParameters: 0 0 0

#Transform 32
Transform: AffineTransform_float_3_3
Parameters: 0.999999 0.00129016 -6.2776e-05 -0.00128984 0.999996 0.00249908 6.62235e-05 -0.00249892 0.999997 -0.148912 -0.0638423 0.157316
FixedParameters: 0 0 0

#Transform 33
Transform: AffineTransform_float_3_3
Parameters: 0.999999 0.001286 2.09412e-06 -0.001286 0.999997 0.002406 1.09412e-06 -0.002406 0.999997 -0.152123 -0.0592508 0.17349
FixedParameters: 0 0 0

#Transform 34
Transform: AffineTransform_float_3_3
Parameters: 0.999999 0.00130295 -0.000347473 -0.00130205 0.999996 0.00270846 0.000351528 -0.00270855 0.999997 -0.12746 -0.0612889 0.177558
FixedParameters: 0 0 0

#Transform 35
Transform: AffineTransform_float_3_3
Parameters: 0.999999 0.00127776 -0.000288667 -0.00127724 0.999996 0.00260937 0.000291334 -0.00260963 0.999996 -0.137551 -0.0427317 0.176482
FixedParameters: 0 0 0

#Transform 36
Transform: AffineTransform_float_3_3
Parameters: 0.999999 0.00127469 -0.000236305 -0.00127331 0.999995 0.0028993 0.000240692 -0.00289869 0.999996 -0.14003 -0.0568996 0.199996
FixedParameters: 0 0 0

#Transform 37
Transform: AffineTransform_float_3_3
Parameters: 0.999999 0.0012184 -0.000450232 -0.0012176 0.999994 0.00309455 0.000453769 -0.00309345 0.999995 -0.109689 -0.0665996 0.201033
FixedParameters: 0 0 0

#Transform 38
Transform: AffineTransform_float_3_3
Parameters: 0.999999 0.00122235 -0.000450351 -0.00122065 0.999995 0.00298755 0.000454649 -0.00298745 0.999996 -0.11651 -0.0614501 0.175932
FixedParameters: 0 0 0

#Transform 39
Transform: AffineTransform_float_3_3
Parameters: 0.999999 0.00133842 -0.000449813 -0.00133659 0.999994 0.0031306 0.000454187 -0.0031304 0.999995 -0.118913 -0.0782892 0.178206
FixedParameters: 0 0 0

#Transform 40
Transform: AffineTransform_float_3_3
Parameters: 0.999999 0.00136152 -0.000449434 -0.00136048 0.999994 0.00335562 0.000454568 -0.00335539 0.999995 -0.113208 -0.0797358 0.187274
FixedParameters: 0 0 0

#Transform 41
Transform: AffineTransform_float_3_3
Parameters: 0.999999 0.0012436 -0.000449606 -0.0012424 0.999993 0.00353556 0.000454394 -0.00353444 0.999993 -0.112594 -0.0782476 0.175712
FixedParameters: 0 0 0

#Transform 42
Transform: AffineTransform_float_3_3
Parameters: 0.999998 0.00133549 -0.00087871 -0.00133151 0.999991 0.00396618 0.000883286 -0.00396483 0.999991 -0.0894195 -0.110726 0.173278
FixedParameters: 0 0 0

#Transform 43
Transform: AffineTransform_float_3_3
Parameters: 0.999999 0.00135488 -0.000681307 -0.00135212 0.99999 0.00420693 0.000687694 -0.00420607 0.999991 -0.109447 -0.115662 0.193353
FixedParameters: 0 0 0

#Transform 44
Transform: AffineTransform_float_3_3
Parameters: 0.999998 0.00163306 -0.00045719 -0.00162994 0.999976 0.00662575 0.000467809 -0.00662524 0.999978 -0.157723 -0.252158 0.299942
FixedParameters: 0 0 0

#Transform 45
Transform: AffineTransform_float_3_3
Parameters: 0.999998 0.00180137 -0.000588806 -0.00179763 0.999971 0.00733407 0.000602199 -0.00733292 0.999973 -0.148973 -0.224975 0.333632
FixedParameters: 0 0 0

#Transform 46
Transform: AffineTransform_float_3_3
Parameters: 0.999998 0.00183098 -0.000530434 -0.00182701 0.999971 0.00741798 0.000544567 -0.00741702 0.999973 -0.151038 -0.219617 0.312431
FixedParameters: 0 0 0

#Transform 47
Transform: AffineTransform_float_3_3
Parameters: 0.999997 0.00202146 -0.000869116 -0.00201453 0.999971 0.00737577 0.000883881 -0.00737423 0.999973 -0.164839 -0.216911 0.287111
FixedParameters: 0 0 0

#Transform 48
Transform: AffineTransform_float_3_3
Parameters: 0.999998 0.00217068 -0.000867464 -0.00216332 0.999968 0.0076309 0.000883531 -0.0076281 0.999971 -0.155653 -0.243804 0.297813
FixedParameters: 0 0 0

#Transform 49
Transform: AffineTransform_float_3_3
Parameters: 0.999998 0.00211761 -0.000868042 -0.00211139 0.99997 0.00754886 0.000883963 -0.00754715 0.999971 -0.152593 -0.235793 0.276497
FixedParameters: 0 0 0

#Transform 50
Transform: AffineTransform_float_3_3
Parameters: 0.999997 0.00183874 -0.0015522 -0.00182726 0.99997 0.00753286 0.00156581 -0.00753015 0.999971 -0.10096 -0.23539 0.21503
FixedParameters: 0 0 0

#Transform 51
Transform: AffineTransform_float_3_3
Parameters: 0.999996 0.00207761 -0.00155056 -0.00206639 0.99997 0.00745323 0.00156544 -0.00744977 0.999971 -0.118248 -0.2163 0.223094
FixedParameters: 0 0 0

#Transform 52
Transform: AffineTransform_float_3_3
Parameters: 0.999997 0.00224271 -0.00143135 -0.00223129 0.99997 0.00744322 0.00144765 -0.00743978 0.999972 -0.126745 -0.227089 0.221912
FixedParameters: 0 0 0

#Transform 53
Transform: AffineTransform_float_3_3
Parameters: 0.999996 0.00226803 -0.0019779 -0.00225298 0.999969 0.00756549 0.0019951 -0.00756151 0.99997 -0.10006 -0.232 0.217648
FixedParameters: 0 0 0

#Transform 54
Transform: AffineTransform_float_3_3
Parameters: 0.999995 0.00254332 -0.00186665 -0.00252868 0.999967 0.00763376 0.00188535 -0.00762824 0.999969 -0.11007 -0.245429 0.226113
FixedParameters: 0 0 0

#Transform 55
Transform: AffineTransform_float_3_3
Parameters: 0.999995 0.0023815 -0.00197647 -0.00236651 0.999966 0.00780671 0.00199453 -0.00780128 0.999967 -0.0817476 -0.230465 0.233134
FixedParameters: 0 0 0

#Transform 56
Transform: AffineTransform_float_3_3
Parameters: 0.999995 0.00257917 -0.00217749 -0.00256083 0.999959 0.00876163 0.00219952 -0.00875638 0.999959 -0.0585468 -0.254169 0.256425
FixedParameters: 0 0 0

#Transform 57
Transform: AffineTransform_float_3_3
Parameters: 0.999994 0.00231832 -0.00230978 -0.00229868 0.999959 0.00876136 0.00233022 -0.00875564 0.999959 -0.0286325 -0.280525 0.269525
FixedParameters: 0 0 0

#Transform 58
Transform: AffineTransform_float_3_3
Parameters: 0.999994 0.00227074 -0.00279528 -0.00224526 0.999956 0.00917834 0.00281572 -0.00917167 0.999954 -0.0142142 -0.330833 0.284127
FixedParameters: 0 0 0

#Transform 59
Transform: AffineTransform_float_3_3
Parameters: 0.999994 0.00228017 -0.00232039 -0.00225883 0.999956 0.00908429 0.00234161 -0.00907971 0.999956 -0.0274559 -0.327582 0.28597
FixedParameters: 0 0 0

#Transform 60
Transform: AffineTransform_float_3_3
Parameters: 0.999995 0.00212592 -0.00242524 -0.00210108 0.999949 0.00982314 0.00244575 -0.00981785 0.999949 -0.0089375 -0.346455 0.306433
FixedParameters: 0 0 0

#Transform 61
Transform: AffineTransform_float_3_3
Parameters: 0.999993 0.00228735 -0.00293815 -0.00225865 0.999951 0.00961671 0.00295985 -0.0096103 0.99995 0.0305279 -0.300167 0.267176
FixedParameters: 0 0 0

#Transform 62
Transform: AffineTransform_float_3_3
Parameters: 0.999993 0.00228485 -0.0027084 -0.00225915 0.999952 0.00951018 0.0027296 -0.00950383 0.999951 0.0191614 -0.302993 0.263671
FixedParameters: 0 0 0

#Transform 63
Transform: AffineTransform_float_3_3
Parameters: 0.999993 0.00228857 -0.00291704 -0.00225943 0.999947 0.0100997 0.00293996 -0.0100923 0.999944 0.0130562 -0.335305 0.286389
FixedParameters: 0 0 0

#Transform 64
Transform: AffineTransform_float_3_3
Parameters: 0.999992 0.00238255 -0.00307961 -0.00235145 0.999949 0.00988432 0.00310339 -0.00987769 0.999947 0.0101478 -0.314017 0.287812
FixedParameters: 0 0 0

#Transform 65
Transform: AffineTransform_float_3_3
Parameters: 0.999993 0.00228565 -0.0027672 -0.00225935 0.999952 0.00959732 0.0027888 -0.00959069 0.99995 -0.0119931 -0.281978 0.275034
FixedParameters: 0 0 0

#Transform 66
Transform: AffineTransform_float_3_3
Parameters: 0.999993 0.0022888 -0.00291484 -0.00225919 0.999945 0.0101876 0.00293816 -0.0101803 0.999944 0.0312365 -0.349915 0.429016
FixedParameters: 0 0 0

#Transform 67
Transform: AffineTransform_float_3_3
Parameters: 0.999992 0.00174708 -0.00342585 -0.00170692 0.99993 0.0116669 0.00344614 -0.0116611 0.999926 0.0393118 -0.434278 0.514125
FixedParameters: 0 0 0

#Transform 68
Transform: AffineTransform_float_3_3
Parameters: 0.999994 0.00174451 -0.00320587 -0.00170649 0.999931 0.0116666 0.00322612 -0.0116605 0.999927 -0.0141496 -0.411998 0.575963
FixedParameters: 0 0 0

#Transform 69
Transform: AffineTransform_float_3_3
Parameters: 0.999993 0.00150689 -0.00341898 -0.00146911 0.999941 0.0107681 0.00343502 -0.0107629 0.999936 0.0383467 -0.36207 0.472057
FixedParameters: 0 0 0

#Transform 70
Transform: AffineTransform_float_3_3
Parameters: 0.999993 0.00160706 -0.00353294 -0.00156895 0.999941 0.0107476 0.00355007 -0.0107424 0.999936 0.0557347 -0.358896 0.420192
FixedParameters: 0 0 0

#Transform 71
Transform: AffineTransform_float_3_3
Parameters: 0.999992 0.00174753 -0.00363177 -0.00170746 0.999936 0.0111343 0.00365123 -0.0111277 0.999932 0.0637031 -0.392203 0.367002
FixedParameters: 0 0 0

#Transform 72
Transform: AffineTransform_float_3_3
Parameters: 0.999992 0.0017453 -0.0034157 -0.0017067 0.999936 0.0111839 0.00343529 -0.0111781 0.999931 0.0486853 -0.383738 0.343162
FixedParameters: 0 0 0

#Transform 73
Transform: AffineTransform_float_3_3
Parameters: 0.999991 0.00189242 -0.00392389 -0.00184758 0.999934 0.0112923 0.00394511 -0.0112856 0.999928 0.079232 -0.39746 0.329648
FixedParameters: 0 0 0

#Transform 74
Transform: AffineTransform_float_3_3
Parameters: 0.99999 0.00220146 -0.00371357 -0.00215753 0.999929 0.0116681 0.00373942 -0.0116599 0.999925 0.0677136 -0.420961 0.315927
FixedParameters: 0 0 0

#Transform 75
Transform: AffineTransform_float_3_3
Parameters: 0.999992 0.00220431 -0.0033773 -0.00216568 0.999933 0.0113064 0.0034027 -0.0112996 0.999931 0.0572505 -0.406516 0.32598
FixedParameters: 0 0 0

#Transform 76
Transform: AffineTransform_float_3_3
Parameters: 0.999992 0.00198099 -0.00330427 -0.00194601 0.999943 0.0105585 0.00332472 -0.0105525 0.999939 0.0712671 -0.387856 0.293381
FixedParameters: 0 0 0

#Transform 77
Transform: AffineTransform_float_3_3
Parameters: 0.999992 0.00215476 -0.00341872 -0.00211826 0.999944 0.0104273 0.00344027 -0.0104207 0.99994 0.0878352 -0.370401 0.270582
FixedParameters: 0 0 0

#Transform 78
Transform: AffineTransform_float_3_3
Parameters: 0.999993 0.00187377 -0.00321613 -0.00184122 0.999946 0.010161 0.00323587 -0.010155 0.999943 0.0863328 -0.369975 0.258466
FixedParameters: 0 0 0

#Transform 79
Transform: AffineTransform_float_3_3
Parameters: 0.999994 0.00188083 -0.00271155 -0.00185118 0.999938 0.0109621 0.00273145 -0.0109579 0.999936 0.063681 -0.430061 0.298495
FixedParameters: 0 0 0

#Transform 80
Transform: AffineTransform_float_3_3
Parameters: 0.999994 0.00189898 -0.00285599 -0.00186702 0.999936 0.0111574 0.002877 -0.0111516 0.999933 0.0631182 -0.402574 0.295635
FixedParameters: 0 0 0

#Transform 81
Transform: AffineTransform_float_3_3
Parameters: 0.999993 0.00203922 -0.0031676 -0.00200477 0.999936 0.0110834 0.00319041 -0.0110766 0.999933 0.0839659 -0.404199 0.264924
FixedParameters: 0 0 0

#Transform 82
Transform: AffineTransform_float_3_3
Parameters: 0.999991 0.0022996 -0.00334982 -0.00226139 0.999931 0.0114827 0.00337618 -0.0114753 0.999929 0.0887358 -0.411985 0.290213
FixedParameters: 0 0 0

#Transform 83
Transform: AffineTransform_float_3_3
Parameters: 0.999992 0.00229909 -0.0032897 -0.00226091 0.999931 0.0115375 0.0033153 -0.0115295 0.999928 0.0636113 -0.419588 0.320469
FixedParameters: 0 0 0

#Transform 84
Transform: AffineTransform_float_3_3
Parameters: 0.99999 0.00258012 -0.00348061 -0.00253987 0.999931 0.0114839 0.00351039 -0.011475 0.999928 0.0529269 -0.419298 0.308293
FixedParameters: 0 0 0

#Transform 85
Transform: AffineTransform_float_3_3
Parameters: 0.999991 0.00255373 -0.00321562 -0.00251528 0.999925 0.0119902 0.00324538 -0.0119828 0.999923 0.0465699 -0.43154 0.343514
FixedParameters: 0 0 0

#Transform 86
Transform: AffineTransform_float_3_3
Parameters: 0.999993 0.00233538 -0.00272912 -0.00230062 0.999914 0.0128964 0.00275889 -0.0128906 0.999913 0.04282 -0.497973 0.391433
FixedParameters: 0 0 0

#Transform 87
Transform: AffineTransform_float_3_3
Parameters: 0.999994 0.00233987 -0.00253781 -0.00230012 0.999875 0.0156029 0.0025742 -0.0155971 0.999875 0.0159805 -0.578792 0.525404
FixedParameters: 0 0 0

#Transform 88
Transform: AffineTransform_float_3_3
Parameters: 0.999996 0.00232626 -0.00169759 -0.00230073 0.99988 0.01531 0.00173342 -0.015306 0.999882 -0.013266 -0.616855 0.525689
FixedParameters: 0 0 0

#Transform 89
Transform: AffineTransform_float_3_3
Parameters: 0.999995 0.00241965 -0.00197874 -0.00238735 0.999863 0.0163378 0.00201827 -0.0163332 0.999864 -0.00336621 -0.56377 0.511842
FixedParameters: 0 0 0

#Transform 90
Transform: AffineTransform_float_3_3
Parameters: 0.999994 0.00244829 -0.00246962 -0.0024107 0.999878 0.015392 0.0025074 -0.015386 0.999879 0.024924 -0.55663 0.464346
FixedParameters: 0 0 0

#Transform 91
Transform: AffineTransform_float_3_3
Parameters: 0.999993 0.00237117 -0.00269272 -0.00233382 0.999903 0.0137244 0.00272528 -0.0137176 0.999902 0.0549057 -0.484716 0.378444
FixedParameters: 0 0 0

#Transform 92
Transform: AffineTransform_float_3_3
Parameters: 0.999993 0.00237025 -0.00282268 -0.00232974 0.999896 0.0141797 0.00285631 -0.0141733 0.999895 0.0745368 -0.524925 0.383213
FixedParameters: 0 0 0

#Transform 93
Transform: AffineTransform_float_3_3
Parameters: 0.999993 0.00238869 -0.00289631 -0.00234629 0.99989 0.0146559 0.0029317 -0.0146491 0.999889 0.0648225 -0.513537 0.415294
FixedParameters: 0 0 0

#Transform 94
Transform: AffineTransform_float_3_3
Parameters: 0.999993 0.00249358 -0.00304262 -0.00244541 0.999876 0.0155436 0.00308137 -0.0155354 0.999874 0.0864218 -0.54919 0.463477
FixedParameters: 0 0 0

#Transform 95
Transform: AffineTransform_float_3_3
Parameters: 0.999991 0.00211836 -0.00348393 -0.00206264 0.999873 0.0158173 0.00351706 -0.0158097 0.999869 0.125909 -0.581323 0.442424
FixedParameters: 0 0 0

#Transform 96
Transform: AffineTransform_float_3_3
Parameters: 0.999989 0.00202242 -0.00410785 -0.00196058 0.999884 0.0151432 0.00413815 -0.0151348 0.999877 0.172995 -0.55511 0.378479
FixedParameters: 0 0 0

#Transform 97
Transform: AffineTransform_float_3_3
Parameters: 0.99999 0.00201911 -0.00393775 -0.00195889 0.999883 0.0152099 0.00396824 -0.0152011 0.999876 0.16076 -0.556557 0.369252
FixedParameters: 0 0 0

#Transform 98
Transform: AffineTransform_float_3_3
Parameters: 0.99999 0.002065 -0.00380163 -0.00201001 0.999894 0.0144158 0.00383036 -0.0144072 0.999889 0.157286 -0.531439 0.347778
FixedParameters: 0 0 0

#Transform 99
Transform: AffineTransform_float_3_3
Parameters: 0.999993 0.00227485 -0.00314808 -0.00223016 0.999897 0.0141761 0.00317993 -0.0141689 0.999894 0.121955 -0.529585 0.290606
FixedParameters: 0 0 0

#Transform 100
Transform: AffineTransform_float_3_3
Parameters: 0.999994 0.00189528 -0.00298178 -0.00185472 0.999908 0.0134536 0.00300722 -0.0134474 0.999905 0.137348 -0.526264 0.287067
FixedParameters: 0 0 0

#Transform 101
Transform: AffineTransform_float_3_3
Parameters: 0.999993 0.00208466 -0.0033131 -0.00203734 0.999899 0.0140249 0.0033419 -0.0140181 0.999896 0.153536 -0.521524 0.310901
FixedParameters: 0 0 0

#Transform 102
Transform: AffineTransform_float_3_3
Parameters: 0.99999 0.00189195 -0.00391592 -0.00183706 0.999901 0.0139893 0.00394108 -0.0139817 0.999895 0.1864 -0.507548 0.292441
FixedParameters: 0 0 0

#Transform 103
Transform: AffineTransform_float_3_3
Parameters: 0.999992 0.00263884 -0.00300938 -0.00260017 0.999914 0.0128379 0.00304262 -0.0128301 0.999913 0.0919931 -0.468527 0.393239
FixedParameters: 0 0 0

#Transform 104
Transform: AffineTransform_float_3_3
Parameters: 0.999992 0.00265837 -0.0029291 -0.00261664 0.999894 0.0143738 0.00296691 -0.0143662 0.999893 0.0566177 -0.527073 0.420649
FixedParameters: 0 0 0

#Transform 105
Transform: AffineTransform_float_3_3
Parameters: 0.999994 0.00329741 7.00335e-05 -0.00329859 0.999928 0.0115328 -3.19624e-05 -0.0115322 0.999934 -0.086973 -0.436989 0.123628
FixedParameters: 0 0 0

#Transform 106
Transform: AffineTransform_float_3_3
Parameters: 0.999992 0.00312088 -0.00219684 -0.00309811 0.999941 0.0103449 0.00222916 -0.0103381 0.999944 0.110095 -0.454029 0.040308
FixedParameters: 0 0 0

#Transform 107
Transform: AffineTransform_float_3_3
Parameters: 0.999993 0.00323658 -0.00191724 -0.00322542 0.999979 0.00549822 0.00193475 -0.00549178 0.999983 0.0864917 -0.330339 0.474264
FixedParameters: 0 0 0

#Transform 108
Transform: AffineTransform_float_3_3
Parameters: 0.999996 -0.00288533 -0.000912662 0.00288367 0.999992 -0.00254564 0.000919342 0.00254336 0.999997 0.0855572 0.0249582 1.18598
FixedParameters: 0 0 0

#Transform 109
Transform: AffineTransform_float_3_3
Parameters: 0.999998 -0.0019043 -0.00126659 0.0019087 0.999994 0.00292959 0.00126041 -0.00293241 0.999995 0.0674975 0.0033196 1.11838
FixedParameters: 0 0 0

#Transform 110
Transform: AffineTransform_float_3_3
Parameters: 0.999995 -0.00180198 -0.00260127 0.00181102 0.999993 0.00346931 0.00259473 -0.00347469 0.99999 0.126631 -0.0359263 1.0312
FixedParameters: 0 0 0

#Transform 111
Transform: AffineTransform_float_3_3
Parameters: 0.999995 -0.00178641 -0.00283679 0.00179359 0.999995 0.00267393 0.00283221 -0.00267908 0.999993 0.163099 -0.017279 0.954535
FixedParameters: 0 0 0

#Transform 112
Transform: AffineTransform_float_3_3
Parameters: 0.999997 -0.000358721 -0.00264286 0.00036528 0.999997 0.00237604 0.00264214 -0.00237696 0.999993 0.0950126 0.0357114 0.894618
FixedParameters: 0 0 0

#Transform 113
Transform: AffineTransform_float_3_3
Parameters: 0.999992 0.00122922 -0.00374321 -0.00119878 0.999967 0.00806454 0.00375279 -0.00806044 0.99996 0.198034 -0.210592 0.694577
FixedParameters: 0 0 0

#Transform 114
Transform: AffineTransform_float_3_3
Parameters: 0.999994 0.000976501 -0.00339677 -0.000951496 0.999972 0.00750128 0.00340423 -0.00749773 0.999966 0.250071 -0.274415 0.709036
FixedParameters: 0 0 0

#Transform 115
Transform: AffineTransform_float_3_3
Parameters: 0.999995 0.000972454 -0.00301116 -0.000951548 0.999974 0.0071179 0.00301785 -0.0071151 0.99997 0.231009 -0.253327 0.730408
FixedParameters: 0 0 0

#Transform 116
Transform: AffineTransform_float_3_3
Parameters: 0.999994 0.000703271 -0.00339927 -0.000679727 0.999977 0.00684135 0.00340473 -0.00683965 0.999971 0.276981 -0.238464 0.702483
FixedParameters: 0 0 0

#Transform 117
Transform: AffineTransform_float_3_3
Parameters: 0.999992 0.000310243 -0.0038316 -0.000278753 0.999966 0.00815213 0.0038344 -0.00815087 0.99996 0.315793 -0.294928 0.74393
FixedParameters: 0 0 0

#Transform 118
Transform: AffineTransform_float_3_3
Parameters: 0.999993 0.000304877 -0.00357389 -0.000279121 0.999974 0.00723905 0.00357611 -0.00723796 0.999968 0.310022 -0.265816 0.666178
FixedParameters: 0 0 0

#Transform 119
Transform: AffineTransform_float_3_3
Parameters: 0.999995 0.000553881 -0.0031559 -0.000530116 0.999972 0.00756372 0.0031601 -0.00756129 0.999967 0.268339 -0.284216 0.670366
FixedParameters: 0 0 0

#Transform 120
Transform: AffineTransform_float_3_3
Parameters: 0.999992 0.000459418 -0.00383059 -0.000430576 0.999971 0.00767771 0.00383442 -0.0076753 0.999963 0.31277 -0.292746 0.655002
FixedParameters: 0 0 0

#Transform 121
Transform: AffineTransform_float_3_3
Parameters: 0.999992 0.000309957 -0.00394569 -0.00027904 0.999969 0.00784417 0.00394831 -0.00784284 0.999962 0.346171 -0.313364 0.6342
FixedParameters: 0 0 0

#Transform 122
Transform: AffineTransform_float_3_3
Parameters: 0.999992 0.000310378 -0.00399269 -0.000278619 0.999969 0.00785718 0.00399531 -0.00785582 0.999961 0.366772 -0.309839 0.595494
FixedParameters: 0 0 0

#Transform 123
Transform: AffineTransform_float_3_3
Parameters: 0.999992 0.000779785 -0.00396801 -0.000738205 0.999945 0.010521 0.00397698 -0.010518 0.999937 0.324641 -0.36869 0.728582
FixedParameters: 0 0 0

#Transform 124
Transform: AffineTransform_float_3_3
Parameters: 0.999998 0.000290355 0.0023096 -0.000278644 0.999988 -0.00491466 -0.0023114 0.00491434 0.999986 -0.0857954 -0.138557 2.9373
FixedParameters: 0 0 0

#Transform 125
Transform: AffineTransform_float_3_3
Parameters: 0.999998 -0.00173829 0.000281185 0.0017377 0.999998 0.00104449 -0.000283814 -0.00104351 1 0.153042 0.18701 1.39297
FixedParameters: 0 0 0

#Transform 126
Transform: AffineTransform_float_3_3
Parameters: 0.999995 -0.00251432 -0.00150316 0.00251767 0.999994 0.00244823 0.00149684 -0.00245177 0.999996 0.253269 -0.00956535 1.13557
FixedParameters: 0 0 0

#Transform 127
Transform: AffineTransform_float_3_3
Parameters: 0.999996 -0.00238113 -0.00182103 0.00238788 0.99999 0.00378267 0.00181198 -0.00378733 0.999991 0.299929 -0.133023 1.10907
FixedParameters: 0 0 0

#Transform 128
Transform: AffineTransform_float_3_3
Parameters: 0.999992 -0.00260784 -0.00281352 0.00261716 0.999992 0.00325866 0.00280448 -0.00326534 0.99999 0.366461 -0.0923904 1.00172
FixedParameters: 0 0 0

#Transform 129
Transform: AffineTransform_float_3_3
Parameters: 0.999993 -0.00242951 -0.0027812 0.00244049 0.99999 0.00377324 0.0027718 -0.00378076 0.999989 0.348313 -0.14973 0.986008
FixedParameters: 0 0 0

#Transform 130
Transform: AffineTransform_float_3_3
Parameters: 0.999992 -0.00223363 -0.00326481 0.00224437 0.999992 0.0034837 0.00325719 -0.0034903 0.999988 0.369113 -0.123575 0.957363
FixedParameters: 0 0 0

#Transform 131
Transform: AffineTransform_float_3_3
Parameters: 0.999994 -0.00181361 -0.00316828 0.00182839 0.999988 0.00454524 0.00316072 -0.00455076 0.999984 0.351901 -0.170507 0.98372
FixedParameters: 0 0 0

#Transform 132
Transform: AffineTransform_float_3_3
Parameters: 0.999994 -0.00172543 -0.00302893 0.00174057 0.999985 0.00514676 0.00302008 -0.00515224 0.999982 0.349295 -0.188102 0.982103
FixedParameters: 0 0 0

#Transform 133
Transform: AffineTransform_float_3_3
Parameters: 0.999996 -0.00136596 -0.00222866 0.00138004 0.999979 0.00630894 0.00222033 -0.00631205 0.999977 0.294746 -0.245448 1.03268
FixedParameters: 0 0 0

#Transform 134
Transform: AffineTransform_float_3_3
Parameters: 0.999998 -0.00103093 -0.00185333 0.00104406 0.999974 0.00706208 0.00184567 -0.00706392 0.999974 0.257239 -0.265937 1.01152
FixedParameters: 0 0 0

#Transform 135
Transform: AffineTransform_float_3_3
Parameters: 0.999998 -0.000891437 -0.00166877 0.000903566 0.999971 0.00754351 0.00166223 -0.0075445 0.99997 0.228828 -0.299976 0.989891
FixedParameters: 0 0 0

#Transform 136
Transform: AffineTransform_float_3_3
Parameters: 0.999999 -0.000651548 -0.0012191 0.000661451 0.999969 0.0077692 0.0012139 -0.0077698 0.999969 0.21921 -0.295881 0.977599
FixedParameters: 0 0 0

#Transform 137
Transform: AffineTransform_float_3_3
Parameters: 0.999998 -0.000690306 -0.00148801 0.000701693 0.999974 0.00719796 0.00148299 -0.00719903 0.999973 0.232875 -0.274196 0.927462
FixedParameters: 0 0 0

#Transform 138
Transform: AffineTransform_float_3_3
Parameters: 0.999999 -0.000666758 -0.00139295 0.000676242 0.999972 0.00736506 0.00138806 -0.00736593 0.999972 0.237782 -0.287846 0.905315
FixedParameters: 0 0 0

#Transform 139
Transform: AffineTransform_float_3_3
Parameters: 0.999999 -0.000571644 -0.00110735 0.000580362 0.999971 0.00756136 0.00110364 -0.00756164 0.999971 0.208452 -0.29163 0.913027
FixedParameters: 0 0 0

#Transform 140
Transform: AffineTransform_float_3_3
Parameters: 0.999999 -0.00043412 -0.00116074 0.000443883 0.999963 0.00852549 0.00115726 -0.00852551 0.999963 0.199153 -0.339011 0.920903
FixedParameters: 0 0 0

#Transform 141
Transform: AffineTransform_float_3_3
Parameters: 1 -0.000346534 -0.00111299 0.000355466 0.999963 0.00851561 0.00111001 -0.00851639 0.999963 0.19595 -0.331631 0.890501
FixedParameters: 0 0 0

#Transform 142
Transform: AffineTransform_float_3_3
Parameters: 0.999999 -0.000389617 -0.00125858 0.000401377 0.999959 0.0090565 0.00125442 -0.0090575 0.999958 0.199584 -0.345818 0.912908
FixedParameters: 0 0 0

#Transform 143
Transform: AffineTransform_float_3_3
Parameters: 1 -0.000136527 -0.00113644 0.00014847 0.999949 0.0101028 0.00113456 -0.0101022 0.999949 0.176405 -0.392529 0.928429
FixedParameters: 0 0 0

#Transform 144
Transform: AffineTransform_float_3_3
Parameters: 0.999999 -0.000121074 -0.00152126 0.000135923 0.999952 0.0098148 0.00151974 -0.00981519 0.99995 0.20185 -0.354982 0.940214
FixedParameters: 0 0 0

#Transform 145
Transform: AffineTransform_float_3_3
Parameters: 0.999998 -0.000225918 -0.00158737 0.000242079 0.999948 0.0101386 0.00158463 -0.0101384 0.999948 0.210778 -0.388423 0.913703
FixedParameters: 0 0 0

#Transform 146
Transform: AffineTransform_float_3_3
Parameters: 0.999999 -0.000730439 -0.000244778 0.000733563 0.999943 0.0106288 0.000237216 -0.0106292 0.999944 0.182172 -0.429208 0.93231
FixedParameters: 0 0 0

#Transform 147
Transform: AffineTransform_float_3_3
Parameters: 1 -0.000724856 -0.000683738 0.000733147 0.999928 0.0119865 0.00067526 -0.0119875 0.999928 0.215157 -0.466113 0.967277
FixedParameters: 0 0 0

#Transform 148
Transform: AffineTransform_float_3_3
Parameters: 1 -0.000725181 -0.000712052 0.000732818 0.999939 0.0110425 0.00070395 -0.0110435 0.999939 0.222208 -0.437818 0.906744
FixedParameters: 0 0 0

#Transform 149
Transform: AffineTransform_float_3_3
Parameters: 0.999999 -0.000453832 -0.000929036 0.000464167 0.999939 0.0109736 0.000923962 -0.0109734 0.99994 0.228524 -0.432512 0.912836
FixedParameters: 0 0 0

#Transform 150
Transform: AffineTransform_float_3_3
Parameters: 1 -0.000396493 -0.000953439 0.000406514 0.999939 0.0110456 0.000949569 -0.0110454 0.999939 0.206738 -0.443114 0.926201
FixedParameters: 0 0 0

#Transform 151
Transform: AffineTransform_float_3_3
Parameters: 1 -0.000242464 -0.000637524 0.00024953 0.999947 0.0102718 0.00063447 -0.0102722 0.999947 0.175455 -0.392116 0.913209
FixedParameters: 0 0 0

#Transform 152
Transform: AffineTransform_float_3_3
Parameters: 0.999999 -0.000348793 -0.000622096 0.000355206 0.999933 0.0116228 0.000617913 -0.0116232 0.999933 0.191522 -0.456405 0.917121
FixedParameters: 0 0 0

#Transform 153
Transform: AffineTransform_float_3_3
Parameters: 0.999999 -0.000270236 -0.00120816 0.000283762 0.999935 0.0114067 0.00120484 -0.0114073 0.999934 0.218402 -0.482707 0.898296
FixedParameters: 0 0 0

#Transform 154
Transform: AffineTransform_float_3_3
Parameters: 0.999999 -0.000125214 -0.00143846 0.000140791 0.999939 0.0109788 0.00143754 -0.0109792 0.999938 0.229643 -0.440077 0.848982
FixedParameters: 0 0 0

#Transform 155
Transform: AffineTransform_float_3_3
Parameters: 0.999999 -9.5538e-05 -0.0014511 0.000111461 0.999943 0.0106589 0.00144989 -0.0106592 0.999942 0.23102 -0.427131 0.797614
FixedParameters: 0 0 0

#Transform 156
Transform: AffineTransform_float_3_3
Parameters: 0.999998 -0.000275103 -0.00158285 0.0002909 0.99995 0.0100526 0.00158016 -0.0100525 0.999948 0.262617 -0.396193 0.758727
FixedParameters: 0 0 0

#Transform 157
Transform: AffineTransform_float_3_3
Parameters: 0.999998 0.000104629 -0.00162201 -8.83705e-05 0.999948 0.0102492 0.00162299 -0.0102489 0.999946 0.236979 -0.412841 0.754129
FixedParameters: 0 0 0

#Transform 158
Transform: AffineTransform_float_3_3
Parameters: 0.999998 8.42783e-05 -0.00160923 -6.77254e-05 0.999949 0.0101121 0.00160977 -0.0101129 0.999947 0.231144 -0.394697 0.730726
FixedParameters: 0 0 0

#Transform 159
Transform: AffineTransform_float_3_3
Parameters: 0.999998 8.6277e-05 -0.00159311 -6.77257e-05 0.999934 0.0114681 0.00159388 -0.0114689 0.999933 0.226075 -0.473626 0.805664
FixedParameters: 0 0 0

#Transform 160
Transform: AffineTransform_float_3_3
Parameters: 1 8.05551e-05 -0.00102709 -6.74462e-05 0.999926 0.0122181 0.0010279 -0.0122179 0.999925 0.17288 -0.552968 0.863293
FixedParameters: 0 0 0

#Transform 161
Transform: AffineTransform_float_3_3
Parameters: 1 8.30752e-05 -0.00121907 -6.79255e-05 0.999923 0.0123611 0.00121993 -0.0123609 0.999923 0.162806 -0.505776 0.894399
FixedParameters: 0 0 0

#Transform 162
Transform: AffineTransform_float_3_3
Parameters: 0.999999 0.000255663 -0.000812021 -0.000246338 0.99993 0.0118772 0.000814983 -0.0118778 0.999929 0.150873 -0.481467 0.847832
FixedParameters: 0 0 0

#Transform 163
Transform: AffineTransform_float_3_3
Parameters: 0.999999 0.00018005 -0.000881005 -0.000169951 0.999935 0.0113932 0.000882993 -0.0113938 0.999934 0.168689 -0.46599 0.816173
FixedParameters: 0 0 0

#Transform 164
Transform: AffineTransform_float_3_3
Parameters: 0.999999 0.000707126 -0.000525167 -0.000701875 0.999952 0.00969837 0.000531831 -0.00969762 0.999953 0.120186 -0.408035 0.790985
FixedParameters: 0 0 0

#Transform 165
Transform: AffineTransform_float_3_3
Parameters: 1 0.000651151 -0.000829436 -0.000643845 0.999963 0.00859254 0.000835563 -0.00859146 0.999962 0.151779 -0.451534 0.625064
FixedParameters: 0 0 0

#Transform 166
Transform: AffineTransform_float_3_3
Parameters: 1 0.000210489 0.000291827 -0.000212512 0.999962 0.00863093 -0.000290177 -0.00863106 0.999962 0.144289 -0.365823 0.613141
FixedParameters: 0 0 0

#Transform 167
Transform: AffineTransform_float_3_3
Parameters: 0.999999 -0.000389248 0.000794971 0.000382752 0.999969 0.00784431 -0.000798026 -0.00784369 0.999969 0.128648 -0.267211 0.582231
FixedParameters: 0 0 0

#Transform 168
Transform: AffineTransform_float_3_3
Parameters: 1 -0.000341694 8.42351e-05 0.000341308 0.999967 0.00810003 -8.67675e-05 -0.00809997 0.999967 0.163743 -0.326592 0.551053
FixedParameters: 0 0 0

#Transform 169
Transform: AffineTransform_float_3_3
Parameters: 1 7.99349e-06 -0.000362946 -5.00607e-06 0.999966 0.008247 0.000363054 -0.008247 0.999966 0.196724 -0.352038 0.515943
FixedParameters: 0 0 0

#Transform 170
Transform: AffineTransform_float_3_3
Parameters: 0.999999 -0.000145585 -0.000808182 0.000151421 0.999969 0.00794288 0.000807823 -0.00794312 0.999968 0.213822 -0.337772 0.457779
FixedParameters: 0 0 0

#Transform 171
Transform: AffineTransform_float_3_3
Parameters: 0.999999 1.19009e-05 -0.000885934 -5.09857e-06 0.999969 0.00778901 0.000886066 -0.00778899 0.99997 0.213012 -0.350176 0.458583
FixedParameters: 0 0 0

#Transform 172
Transform: AffineTransform_float_3_3
Parameters: 1 1.45538e-05 -0.00121792 -4.44557e-06 0.999969 0.00784401 0.00121807 -0.00784399 0.999968 0.216659 -0.358929 0.446207
FixedParameters: 0 0 0

#Transform 173
Transform: AffineTransform_float_3_3
Parameters: 0.999999 0.000251613 -0.000842052 -0.000244387 0.999969 0.00784421 0.000843942 -0.00784379 0.999969 0.187969 -0.346731 0.432307
FixedParameters: 0 0 0

#Transform 174
Transform: AffineTransform_float_3_3
Parameters: 0.999999 0.000266603 -0.000849956 -0.000259396 0.99997 0.00776022 0.000852038 -0.00775977 0.999969 0.195313 -0.356287 0.40527
FixedParameters: 0 0 0

#Transform 175
Transform: AffineTransform_float_3_3
Parameters: 0.999999 0.000197018 -0.000766478 -0.000190985 0.999969 0.00784415 0.000767521 -0.00784385 0.999969 0.192312 -0.35261 0.431261
FixedParameters: 0 0 0

#Transform 176
Transform: AffineTransform_float_3_3
Parameters: 1 0.000213908 -0.000215119 -0.000212093 0.999961 0.00883305 0.000216882 -0.00883295 0.999961 0.164865 -0.414455 0.451614
FixedParameters: 0 0 0

#Transform 177
Transform: AffineTransform_float_3_3
Parameters: 1 0.000466989 -0.000230006 -0.000465012 0.999963 0.00857111 0.000233994 -0.0085709 0.999963 0.227991 -0.458247 0.400649
FixedParameters: 0 0 0

#Transform 178
Transform: AffineTransform_float_3_3
Parameters: 1 7.27212e-06 -0.000283951 -4.72749e-06 0.999968 0.008001 0.000284047 -0.008001 0.999968 0.262894 -0.396038 0.328914
FixedParameters: 0 0 0

#Transform 179
Transform: AffineTransform_float_3_3
Parameters: 1 7.78051e-06 -0.000426958 -5.2192e-06 0.999979 0.006512 0.000427043 -0.00651199 0.999978 0.29162 -0.32319 0.283282
FixedParameters: 0 0 0

#Transform 180
Transform: AffineTransform_float_3_3
Parameters: 1 4.01235e-06 0.000203022 -4.98755e-06 0.999988 0.004865 -0.000202978 -0.004865 0.999988 0.237486 -0.246681 0.0593652
FixedParameters: 0 0 0

#Transform 181
Transform: AffineTransform_float_3_3
Parameters: 1 4.85692e-06 2.60271e-05 -5.14292e-06 0.999985 0.0055 -2.59721e-05 -0.0055 0.999985 0.252856 -0.30419 0.0630148
FixedParameters: 0 0 0

#Transform 182
Transform: AffineTransform_float_3_3
Parameters: 1 0.00027098 -0.000190614 -0.000270023 0.999987 0.00512505 0.000191386 -0.00512495 0.999987 0.25549 -0.290843 0.0212713
FixedParameters: 0 0 0

#Transform 183
Transform: AffineTransform_float_3_3
Parameters: 1 0.000370094 -0.000425186 -0.000368906 0.999988 0.00491516 0.000426818 -0.00491484 0.999988 0.251458 -0.28859 0.0323782
FixedParameters: 0 0 0

#Transform 184
Transform: AffineTransform_float_3_3
Parameters: 1 0.000422884 -0.000425134 -0.000421116 0.99999 0.00442318 0.000426867 -0.00442282 0.99999 0.244085 -0.265085 0.031192
FixedParameters: 0 0 0

#Transform 185
Transform: AffineTransform_float_3_3
Parameters: 1 0.000474818 -0.000188957 -0.000474181 0.99999 0.00430709 0.000191044 -0.00430691 0.99999 0.221229 -0.27991 0.0941154
FixedParameters: 0 0 0

#Transform 186
Transform: AffineTransform_float_3_3
Parameters: 1 0.000514596 7.19529e-05 -0.000514405 0.999984 0.00573596 -6.90505e-05 -0.00573604 0.999983 0.204037 -0.333049 0.184504
FixedParameters: 0 0 0

#Transform 187
Transform: AffineTransform_float_3_3
Parameters: 1 0.000564147 0.000171825 -0.000564849 0.999988 0.00500391 -0.000168176 -0.0050041 0.999988 0.214994 -0.261472 0.129442
FixedParameters: 0 0 0

#Transform 188
Transform: AffineTransform_float_3_3
Parameters: 1 0.000350031 0.000214588 -0.000350966 0.999989 0.00453192 -0.000212412 -0.00453207 0.999989 0.240475 -0.249856 0.0922988
FixedParameters: 0 0 0

#Transform 189
Transform: AffineTransform_float_3_3
Parameters: 1 0.000384304 -6.83117e-05 -0.000383698 0.999991 0.00439503 6.9687e-05 -0.00439498 0.999991 0.261067 -0.270076 0.0593372
FixedParameters: 0 0 0

#Transform 190
Transform: AffineTransform_float_3_3
