#Insight Transform File V1.0
#Transform 0
Transform: AffineTransform_float_3_3
Parameters: 0.999982 0.00444003 0.00384937 -0.00474902 0.996424 0.0843692 -0.00346163 -0.0843859 0.996427 -0.0230593 -2.62883 1.3711
FixedParameters: 0 0 0

#Transform 1
Transform: AffineTransform_float_3_3
Parameters: 0.999985 0.00438345 0.00342238 -0.00466252 0.996271 0.0861463 -0.00303158 -0.0861606 0.996276 -0.00460027 -2.6665 1.44025
FixedParameters: 0 0 0

#Transform 2
Transform: AffineTransform_float_3_3
Parameters: 0.99999 0.00313403 0.00319984 -0.00339799 0.996278 0.08613 -0.00291816 -0.08614 0.996279 0.0512489 -2.58621 1.40393
FixedParameters: 0 0 0

#Transform 3
Transform: AffineTransform_float_3_3
Parameters: 0.999992 0.00218856 0.00352106 -0.00248744 0.996195 0.0871189 -0.0033169 -0.087127 0.996191 0.0759704 -2.65944 1.43191
FixedParameters: 0 0 0

#Transform 4
Transform: AffineTransform_float_3_3
Parameters: 0.999987 0.00411263 0.00299805 -0.00435945 0.996161 0.087424 -0.00262791 -0.0874359 0.996166 0.0478014 -2.69289 1.52088
FixedParameters: 0 0 0

#Transform 5
Transform: AffineTransform_float_3_3
Parameters: 0.999988 0.00359408 0.00330494 -0.00386692 0.99623 0.0866643 -0.00298107 -0.0866758 0.996232 0.0349848 -2.63346 1.45982
FixedParameters: 0 0 0

#Transform 6
Transform: AffineTransform_float_3_3
Parameters: 0.999987 0.00384181 0.00356858 -0.00413615 0.996247 0.0864654 -0.00322241 -0.0864785 0.996248 0.0154889 -2.60635 1.44064
FixedParameters: 0 0 0

#Transform 7
Transform: AffineTransform_float_3_3
Parameters: 0.999987 0.00404381 0.00329734 -0.00431417 0.99624 0.086537 -0.00293465 -0.0865501 0.996243 0.0217925 -2.65821 1.42863
FixedParameters: 0 0 0

#Transform 8
Transform: AffineTransform_float_3_3
Parameters: 0.999986 0.00410547 0.00339104 -0.00438752 0.99614 0.0876764 -0.00301791 -0.0876907 0.996143 0.0209107 -2.70701 1.49719
FixedParameters: 0 0 0

#Transform 9
Transform: AffineTransform_float_3_3
Parameters: 0.999986 0.00430926 0.00325083 -0.00457775 0.996129 0.0877764 -0.00286019 -0.0877906 0.996135 -0.00174442 -2.74397 1.47963
FixedParameters: 0 0 0

#Transform 10
Transform: AffineTransform_float_3_3
Parameters: 0.999987 0.00404658 0.00293985 -0.00428743 0.996166 0.0873775 -0.0025752 -0.0873885 0.996171 0.0064469 -2.74546 1.44852
FixedParameters: 0 0 0

#Transform 11
Transform: AffineTransform_float_3_3
Parameters: 0.999987 0.00432744 0.00291587 -0.00456657 0.996154 0.0874999 -0.00252609 -0.0875122 0.996161 0.00976949 -2.74164 1.48429
FixedParameters: 0 0 0

#Transform 12
Transform: AffineTransform_float_3_3
Parameters: 0.999988 0.0041384 0.00289107 -0.00437659 0.996138 0.0876925 -0.00251688 -0.0877036 0.996144 0.00405635 -2.72958 1.47425
FixedParameters: 0 0 0

#Transform 13
Transform: AffineTransform_float_3_3
Parameters: 0.999989 0.00369296 0.00287417 -0.00392903 0.996202 0.0869907 -0.00254182 -0.0870014 0.996205 0.0107321 -2.70865 1.44813
FixedParameters: 0 0 0

#Transform 14
Transform: AffineTransform_float_3_3
Parameters: 0.999988 0.00358784 0.00328757 -0.00386111 0.996179 0.0872433 -0.00296141 -0.0872546 0.996181 -0.0138087 -2.71446 1.46582
FixedParameters: 0 0 0

#Transform 15
Transform: AffineTransform_float_3_3
Parameters: 0.999988 0.00398766 0.00307113 -0.00424234 0.996127 0.0878301 -0.00270884 -0.0878419 0.99613 0.00179797 -2.74919 1.49627
FixedParameters: 0 0 0

#Transform 16
Transform: AffineTransform_float_3_3
Parameters: 0.999987 0.00401571 0.00332569 -0.00429132 0.996165 0.0873909 -0.00296228 -0.087404 0.996168 -0.0154851 -2.73431 1.47358
FixedParameters: 0 0 0

#Transform 17
Transform: AffineTransform_float_3_3
Parameters: 0.999988 0.0041019 0.00286862 -0.00433704 0.996161 0.0874246 -0.00249838 -0.0874363 0.996167 0.00398932 -2.72448 1.47418
FixedParameters: 0 0 0

#Transform 18
Transform: AffineTransform_float_3_3
Parameters: 0.999984 0.0042397 0.00370534 -0.00452236 0.996798 0.0798335 -0.00335564 -0.0798485 0.996802 0.0327837 -2.57094 1.05376
FixedParameters: 0 0 0

#Transform 19
Transform: AffineTransform_float_3_3
Parameters: 0.999969 -0.00736734 -0.00300108 0.00727266 0.999514 -0.0303198 0.0032229 0.0302962 0.999536 0.313784 0.771006 -0.599513
FixedParameters: 0 0 0

#Transform 20
Transform: AffineTransform_float_3_3
Parameters: 1 -0.000653989 -0.000125056 0.00065401 1 8.59182e-05 0.000124944 -8.60817e-05 1 0.0390251 -0.0600157 0.00331321
FixedParameters: 0 0 0

#Transform 21
Transform: AffineTransform_float_3_3
Parameters: 0.999999 0.00119364 -0.000302621 -0.00119137 0.999985 0.00534836 0.000308377 -0.00534863 0.999985 -0.0350314 -0.18334 0.168971
FixedParameters: 0 0 0

#Transform 22
Transform: AffineTransform_float_3_3
Parameters: 0.999998 0.00225031 9.59559e-05 -0.00225069 0.999965 0.0079778 -7.80463e-05 -0.00797819 0.999968 -0.0782014 -0.271959 0.194988
FixedParameters: 0 0 0

#Transform 23
Transform: AffineTransform_float_3_3
Parameters: 0.999997 0.00270691 0.000366619 -0.0027111 0.999928 0.0116711 -0.00033538 -0.011672 0.999932 -0.0781021 -0.382257 0.279566
FixedParameters: 0 0 0

#Transform 24
Transform: AffineTransform_float_3_3
Parameters: 0.999994 0.0033548 0.000859111 -0.00336719 0.999887 0.0146102 -0.000809887 -0.0146128 0.999893 -0.0895163 -0.453998 0.275077
FixedParameters: 0 0 0

#Transform 25
Transform: AffineTransform_float_3_3
Parameters: 0.999992 0.00373432 0.00101443 -0.00375366 0.999811 0.0190773 -0.000942552 -0.0190817 0.999818 -0.0969062 -0.582271 0.36682
FixedParameters: 0 0 0

#Transform 26
Transform: AffineTransform_float_3_3
Parameters: 0.999988 0.00472863 0.000511249 -0.00473836 0.999732 0.0226518 -0.000403769 -0.0226532 0.999744 -0.117997 -0.680482 0.447147
FixedParameters: 0 0 0

#Transform 27
Transform: AffineTransform_float_3_3
Parameters: 0.999988 0.00472793 0.000501455 -0.00473808 0.999675 0.0250199 -0.000383568 -0.0250221 0.999687 -0.099877 -0.752292 0.454289
FixedParameters: 0 0 0

#Transform 28
Transform: AffineTransform_float_3_3
Parameters: 0.999989 0.00474126 -2.74888e-05 -0.00473875 0.999661 0.0256304 0.000148503 -0.0256296 0.999671 -0.0776792 -0.766754 0.412607
FixedParameters: 0 0 0

#Transform 29
Transform: AffineTransform_float_3_3
Parameters: 0.999988 0.00472536 0.000594756 -0.00473864 0.999664 0.0255125 -0.000474255 -0.0255145 0.999675 -0.121998 -0.769977 0.378302
FixedParameters: 0 0 0

#Transform 30
Transform: AffineTransform_float_3_3
Parameters: 0.999989 0.00474127 -2.69718e-05 -0.00473876 0.999658 0.0257394 0.00014802 -0.0257386 0.999668 -0.106166 -0.772431 0.406181
FixedParameters: 0 0 0

#Transform 31
Transform: AffineTransform_float_3_3
Parameters: 0.999987 0.0051004 0.00045547 -0.00511061 0.999608 0.027506 -0.000315536 -0.027509 0.999622 -0.179093 -0.806444 0.35496
FixedParameters: 0 0 0

#Transform 32
Transform: AffineTransform_float_3_3
Parameters: 0.999984 0.00560581 0.000294218 -0.00561221 0.999561 0.0290928 -0.000131775 -0.0290942 0.999576 -0.157232 -0.858647 0.409528
FixedParameters: 0 0 0

#Transform 33
Transform: AffineTransform_float_3_3
Parameters: 0.999985 0.00536434 0.000300315 -0.00537064 0.999523 0.0304178 -0.000136695 -0.0304192 0.999537 -0.121356 -0.90156 0.420644
FixedParameters: 0 0 0

#Transform 34
Transform: AffineTransform_float_3_3
Parameters: 0.999982 0.00610918 -0.000284137 -0.00609682 0.999472 0.0319213 0.000478856 -0.0319187 0.999491 -0.133592 -0.941291 0.510251
FixedParameters: 0 0 0

#Transform 35
Transform: AffineTransform_float_3_3
Parameters: 0.999972 0.00726234 -0.00150133 -0.00720464 0.999355 0.0352008 0.00175666 -0.0351892 0.999379 -0.125302 -1.02953 0.569505
FixedParameters: 0 0 0

#Transform 36
Transform: AffineTransform_float_3_3
Parameters: 0.999969 0.00759892 -0.00176248 -0.00752705 0.999259 0.0377454 0.00204852 -0.0377306 0.999286 -0.143996 -1.09459 0.680848
FixedParameters: 0 0 0

#Transform 37
Transform: AffineTransform_float_3_3
Parameters: 0.999955 0.00892642 -0.00326589 -0.00878261 0.999097 0.0415686 0.00363309 -0.0415375 0.999131 -0.150505 -1.24921 0.815418
FixedParameters: 0 0 0

#Transform 38
Transform: AffineTransform_float_3_3
Parameters: 0.999955 0.00891905 -0.00301054 -0.00878292 0.999056 0.0425263 0.00338745 -0.0424977 0.999091 -0.152388 -1.24844 0.843823
FixedParameters: 0 0 0

#Transform 39
Transform: AffineTransform_float_3_3
Parameters: 0.999937 0.0103564 -0.00449502 -0.0101396 0.998892 0.0459585 0.00496601 -0.0459095 0.998933 -0.174439 -1.36038 1.00799
FixedParameters: 0 0 0

#Transform 40
Transform: AffineTransform_float_3_3
Parameters: 0.999931 0.0105563 -0.00519612 -0.0103037 0.99887 0.0463937 0.00567985 -0.0463362 0.998909 -0.162913 -1.35278 1.0412
FixedParameters: 0 0 0

#Transform 41
Transform: AffineTransform_float_3_3
Parameters: 0.999926 0.0109986 -0.00515456 -0.0107254 0.998671 0.050396 0.00570246 -0.050337 0.998716 -0.190716 -1.49598 1.1593
FixedParameters: 0 0 0

#Transform 42
Transform: AffineTransform_float_3_3
Parameters: 0.999898 0.0125812 -0.00665571 -0.0122178 0.99857 0.0520466 0.00730129 -0.0519604 0.998623 -0.199232 -1.55055 1.2119
FixedParameters: 0 0 0

#Transform 43
Transform: AffineTransform_float_3_3
Parameters: 0.999891 0.0128004 -0.00738368 -0.0123896 0.998501 0.0533093 0.00805434 -0.0532117 0.998551 -0.189291 -1.59885 1.26623
FixedParameters: 0 0 0

#Transform 44
Transform: AffineTransform_float_3_3
Parameters: 0.999892 0.0126484 -0.00739719 -0.0122396 0.998527 0.0528692 0.00805479 -0.0527728 0.998574 -0.195114 -1.56105 1.25501
FixedParameters: 0 0 0

#Transform 45
Transform: AffineTransform_float_3_3
Parameters: 0.999878 0.0132624 -0.00828159 -0.0127906 0.998421 0.0547026 0.00899345 -0.0545904 0.998469 -0.181104 -1.63076 1.30561
FixedParameters: 0 0 0

#Transform 46
Transform: AffineTransform_float_3_3
Parameters: 0.999885 0.0128726 -0.00801976 -0.0124234 0.998475 0.0537938 0.00869926 -0.0536882 0.99852 -0.17632 -1.5876 1.23749
FixedParameters: 0 0 0

#Transform 47
Transform: AffineTransform_float_3_3
Parameters: 0.999889 0.0128372 -0.00762751 -0.0124188 0.998541 0.0525526 0.0082905 -0.0524524 0.998589 -0.196653 -1.55126 1.19144
FixedParameters: 0 0 0

#Transform 48
Transform: AffineTransform_float_3_3
Parameters: 0.999904 0.0120291 -0.00686071 -0.011647 0.998513 0.053245 0.00749029 -0.05316 0.998558 -0.189861 -1.56419 1.20443
FixedParameters: 0 0 0

#Transform 49
Transform: AffineTransform_float_3_3
Parameters: 0.999904 0.0120349 -0.00686576 -0.0116471 0.998474 0.0539861 0.00750524 -0.0539008 0.998518 -0.178297 -1.56966 1.22065
FixedParameters: 0 0 0

#Transform 50
Transform: AffineTransform_float_3_3
Parameters: 0.999905 0.0120513 -0.0066899 -0.0116627 0.9984 0.0553303 0.00734608 -0.0552467 0.998445 -0.172985 -1.64779 1.24056
FixedParameters: 0 0 0

#Transform 51
Transform: AffineTransform_float_3_3
Parameters: 0.999904 0.0121643 -0.00672522 -0.0117768 0.998415 0.0550335 0.00738382 -0.0549485 0.998462 -0.183057 -1.62678 1.16498
FixedParameters: 0 0 0

#Transform 52
Transform: AffineTransform_float_3_3
Parameters: 0.999912 0.0112694 -0.00690642 -0.0108615 0.998347 0.056435 0.00753155 -0.0563551 0.998383 -0.153577 -1.66733 1.15175
FixedParameters: 0 0 0

#Transform 53
Transform: AffineTransform_float_3_3
Parameters: 0.999916 0.0111037 -0.00671742 -0.0107024 0.998317 0.0569977 0.00733854 -0.0569213 0.998351 -0.139888 -1.72798 1.19071
FixedParameters: 0 0 0

#Transform 54
Transform: AffineTransform_float_3_3
Parameters: 0.999905 0.0118225 -0.00717011 -0.0113815 0.998207 0.0587652 0.00785292 -0.0586778 0.998246 -0.144274 -1.78283 1.23444
FixedParameters: 0 0 0

#Transform 55
Transform: AffineTransform_float_3_3
Parameters: 0.999903 0.0119234 -0.0071736 -0.0114886 0.998253 0.057947 0.00785243 -0.0578589 0.998294 -0.13924 -1.75278 1.20335
FixedParameters: 0 0 0

#Transform 56
Transform: AffineTransform_float_3_3
Parameters: 0.999914 0.0112748 -0.0067072 -0.0108621 0.998217 0.0586929 0.0073578 -0.0586151 0.998253 -0.143485 -1.77658 1.26945
FixedParameters: 0 0 0

#Transform 57
Transform: AffineTransform_float_3_3
Parameters: 0.99991 0.0117024 -0.00666748 -0.0112966 0.998251 0.0580386 0.00733557 -0.0579584 0.998292 -0.154335 -1.75868 1.25153
FixedParameters: 0 0 0

#Transform 58
Transform: AffineTransform_float_3_3
Parameters: 0.999908 0.0118525 -0.00669372 -0.0114415 0.998223 0.058484 0.00737532 -0.058402 0.998266 -0.142465 -1.79752 1.24874
FixedParameters: 0 0 0

#Transform 59
Transform: AffineTransform_float_3_3
Parameters: 0.999911 0.0116661 -0.00643618 -0.0112699 0.998225 0.0584807 0.0071068 -0.0584023 0.998268 -0.165067 -1.779 1.29221
FixedParameters: 0 0 0

#Transform 60
Transform: AffineTransform_float_3_3
Parameters: 0.999912 0.0117184 -0.00620268 -0.0113377 0.998234 0.0583085 0.00687437 -0.0582336 0.99828 -0.154283 -1.77729 1.22241
FixedParameters: 0 0 0

#Transform 61
Transform: AffineTransform_float_3_3
Parameters: 0.99992 0.0116164 -0.00513275 -0.0112656 0.997906 0.063703 0.00586222 -0.06364 0.997955 -0.161014 -1.95871 1.60459
FixedParameters: 0 0 0

#Transform 62
Transform: AffineTransform_float_3_3
Parameters: 0.999914 0.0122043 -0.00465439 -0.0118437 0.997417 0.0708472 0.00550759 -0.0707858 0.997477 -0.144473 -2.09493 0.907016
FixedParameters: 0 0 0

#Transform 63
Transform: AffineTransform_float_3_3
Parameters: 0.999915 0.0121571 -0.00456398 -0.0118439 0.997924 0.0632954 0.00532402 -0.0632366 0.997985 -0.148478 -1.87062 0.494299
FixedParameters: 0 0 0

#Transform 64
Transform: AffineTransform_float_3_3
Parameters: 0.999914 0.0122527 -0.00471291 -0.0119283 0.997901 0.0636577 0.0054831 -0.0635963 0.99796 -0.129485 -1.87427 0.484769
FixedParameters: 0 0 0

#Transform 65
Transform: AffineTransform_float_3_3
Parameters: 0.999914 0.0121243 -0.005112 -0.0117777 0.997941 0.0630577 0.00586599 -0.0629923 0.997997 -0.124622 -1.84521 0.426758
FixedParameters: 0 0 0

#Transform 66
Transform: AffineTransform_float_3_3
Parameters: 0.999909 0.0124449 -0.00517943 -0.0120931 0.997939 0.0630174 0.00595251 -0.0629487 0.997999 -0.125816 -1.84382 0.426597
FixedParameters: 0 0 0

#Transform 67
Transform: AffineTransform_float_3_3
Parameters: 0.999916 0.0119456 -0.00487879 -0.0116084 0.997882 0.064002 0.00563317 -0.06394 0.997938 -0.119698 -1.86121 0.433114
FixedParameters: 0 0 0

#Transform 68
Transform: AffineTransform_float_3_3
Parameters: 0.999918 0.0118486 -0.00470709 -0.0115214 0.997858 0.0643955 0.00545995 -0.0643366 0.997914 -0.129734 -1.88283 0.433565
FixedParameters: 0 0 0

#Transform 69
Transform: AffineTransform_float_3_3
Parameters: 0.999913 0.0119243 -0.00573301 -0.0115318 0.997873 0.0641707 0.00648598 -0.0640993 0.997922 -0.0988951 -1.87971 0.428332
FixedParameters: 0 0 0

#Transform 70
Transform: AffineTransform_float_3_3
Parameters: 0.999916 0.0116934 -0.00567975 -0.0113047 0.997875 0.0641666 0.00641824 -0.0640974 0.997923 -0.0893785 -1.86893 0.36949
FixedParameters: 0 0 0

#Transform 71
Transform: AffineTransform_float_3_3
Parameters: 0.999919 0.0116672 -0.00509063 -0.0113049 0.997746 0.0661559 0.00585037 -0.0660931 0.997797 -0.104681 -1.93188 0.453948
FixedParameters: 0 0 0

#Transform 72
Transform: AffineTransform_float_3_3
Parameters: 0.99992 0.011658 -0.00504505 -0.011305 0.997815 0.0651033 0.00579295 -0.0650407 0.997866 -0.0982511 -1.89271 0.412737
FixedParameters: 0 0 0

#Transform 73
Transform: AffineTransform_float_3_3
Parameters: 0.999921 0.011645 -0.00484549 -0.011305 0.997814 0.0651009 0.00559351 -0.065041 0.997867 -0.112862 -1.89757 0.396007
FixedParameters: 0 0 0

#Transform 74
Transform: AffineTransform_float_3_3
Parameters: 0.999918 0.0116721 -0.00536086 -0.0113049 0.997884 0.0640409 0.00609713 -0.0639741 0.997933 -0.0925624 -1.85299 0.406408
FixedParameters: 0 0 0

#Transform 75
Transform: AffineTransform_float_3_3
Parameters: 0.999915 0.0117052 -0.0057584 -0.0113048 0.997808 0.0652037 0.00650959 -0.0651334 0.997856 -0.0605142 -1.95429 0.472512
FixedParameters: 0 0 0

#Transform 76
Transform: AffineTransform_float_3_3
Parameters: 0.9999 0.0125632 -0.00639513 -0.0121107 0.997718 0.0664211 0.00721585 -0.066337 0.997771 -0.064669 -1.98667 0.502007
FixedParameters: 0 0 0

#Transform 77
Transform: AffineTransform_float_3_3
Parameters: 0.999902 0.0125261 -0.00634082 -0.0120759 0.997704 0.0666401 0.00716118 -0.0665569 0.997757 -0.0669076 -1.99527 0.491996
FixedParameters: 0 0 0

#Transform 78
Transform: AffineTransform_float_3_3
Parameters: 0.999883 0.0133397 -0.00741638 -0.0128083 0.997628 0.0676329 0.00830063 -0.0675301 0.997682 -0.0799086 -2.05523 0.495458
FixedParameters: 0 0 0

#Transform 79
Transform: AffineTransform_float_3_3
Parameters: 0.99988 0.0132092 -0.00806276 -0.0126268 0.997576 0.068421 0.00894723 -0.068311 0.997624 -0.0357464 -2.05281 0.532404
FixedParameters: 0 0 0

#Transform 80
Transform: AffineTransform_float_3_3
Parameters: 0.999873 0.0132918 -0.00872419 -0.0126541 0.997502 0.0694861 0.00962681 -0.0693668 0.997545 -0.0190711 -2.10109 0.578981
FixedParameters: 0 0 0

#Transform 81
Transform: AffineTransform_float_3_3
Parameters: 0.999866 0.0135581 -0.00920004 -0.0128859 0.997495 0.0695529 0.0101199 -0.0694251 0.997536 -0.0139807 -2.07178 0.537175
FixedParameters: 0 0 0

#Transform 82
Transform: AffineTransform_float_3_3
Parameters: 0.999867 0.0136462 -0.00894563 -0.0129878 0.997468 0.0699105 0.00987635 -0.0697845 0.997513 -0.029727 -2.09761 0.57145
FixedParameters: 0 0 0

#Transform 83
Transform: AffineTransform_float_3_3
Parameters: 0.999867 0.0134049 -0.00935995 -0.0127091 0.997408 0.0708185 0.0102851 -0.0706906 0.997446 0.0106254 -2.11228 0.624837
FixedParameters: 0 0 0

#Transform 84
Transform: AffineTransform_float_3_3
Parameters: 0.999877 0.0129338 -0.00885756 -0.0122983 0.997581 0.0684153 0.00972045 -0.0682977 0.997617 0.00225442 -2.01212 0.490582
FixedParameters: 0 0 0

#Transform 85
Transform: AffineTransform_float_3_3
Parameters: 0.999883 0.0127818 -0.00847014 -0.0121663 0.997532 0.0691421 0.00933288 -0.0690308 0.997571 -0.0137571 -2.03139 0.557519
FixedParameters: 0 0 0

#Transform 86
Transform: AffineTransform_float_3_3
Parameters: 0.999881 0.0131046 -0.00807378 -0.0125143 0.997517 0.0693082 0.00896222 -0.0691987 0.997562 -0.0483318 -2.04553 0.532665
FixedParameters: 0 0 0

#Transform 87
Transform: AffineTransform_float_3_3
Parameters: 0.999886 0.0130554 -0.00766143 -0.0124836 0.997441 0.0704067 0.00856054 -0.0703023 0.997489 -0.055927 -2.12621 0.559775
FixedParameters: 0 0 0

#Transform 88
Transform: AffineTransform_float_3_3
Parameters: 0.999885 0.0130018 -0.00783049 -0.0124223 0.997469 0.0700164 0.00872054 -0.0699117 0.997515 -0.0339473 -2.10697 0.600303
FixedParameters: 0 0 0

#Transform 89
Transform: AffineTransform_float_3_3
Parameters: 0.999899 0.0122924 -0.00716268 -0.0117836 0.997664 0.0672812 0.00797236 -0.0671898 0.997709 -0.0396858 -2.02097 0.479648
FixedParameters: 0 0 0

#Transform 90
Transform: AffineTransform_float_3_3
Parameters: 0.999904 0.01214 -0.00658368 -0.011668 0.997649 0.0675282 0.00738731 -0.0674447 0.997695 -0.0627892 -1.9681 0.485134
FixedParameters: 0 0 0

#Transform 91
Transform: AffineTransform_float_3_3
Parameters: 0.999904 0.0121038 -0.00677818 -0.0116102 0.997571 0.0686793 0.00759284 -0.0685947 0.997615 -0.0365678 -2.00656 0.510493
FixedParameters: 0 0 0

#Transform 92
Transform: AffineTransform_float_3_3
Parameters: 0.999912 0.0117467 -0.00614187 -0.0112883 0.997481 0.0700285 0.00694916 -0.0699535 0.997526 -0.0367332 -2.12489 0.536205
FixedParameters: 0 0 0

#Transform 93
Transform: AffineTransform_float_3_3
Parameters: 0.99991 0.0118074 -0.00638867 -0.0113366 0.997526 0.0693747 0.00719238 -0.0692964 0.99757 -0.0176066 -2.08323 0.526825
FixedParameters: 0 0 0

#Transform 94
Transform: AffineTransform_float_3_3
Parameters: 0.999911 0.0118049 -0.00629925 -0.011337 0.9975 0.0697597 0.00710777 -0.0696824 0.997544 -0.0243319 -2.0909 0.566344
FixedParameters: 0 0 0

#Transform 95
Transform: AffineTransform_float_3_3
Parameters: 0.999914 0.0119576 -0.00528891 -0.0115774 0.99769 0.0669279 0.00607711 -0.066861 0.997744 -0.0714193 -2.02679 0.428658
FixedParameters: 0 0 0

#Transform 96
Transform: AffineTransform_float_3_3
Parameters: 0.999904 0.0122881 -0.00630256 -0.0118409 0.997707 0.066641 0.00710743 -0.06656 0.997757 -0.0554757 -1.98101 0.568371
FixedParameters: 0 0 0

#Transform 97
Transform: AffineTransform_float_3_3
Parameters: 0.999923 0.0111257 -0.00548933 -0.0107533 0.997914 0.0636469 0.00618563 -0.0635831 0.997958 -0.0514622 -1.78284 -0.291335
FixedParameters: 0 0 0

#Transform 98
Transform: AffineTransform_float_3_3
Parameters: 0.999917 0.0111855 -0.00629651 -0.0107535 0.997838 0.064825 0.00700845 -0.0647519 0.997877 -0.00605302 -1.87771 -0.446809
FixedParameters: 0 0 0

#Transform 99
Transform: AffineTransform_float_3_3
Parameters: 0.999919 0.010974 -0.00646709 -0.010533 0.997851 0.0646814 0.00716291 -0.0646077 0.997885 0.00465744 -1.89684 -0.524857
FixedParameters: 0 0 0

#Transform 100
Transform: AffineTransform_float_3_3
Parameters: 0.999918 0.0109323 -0.00659322 -0.0104847 0.997858 0.0645704 0.00728483 -0.0644966 0.997892 0.0151113 -1.88868 -0.534207
FixedParameters: 0 0 0

#Transform 101
Transform: AffineTransform_float_3_3
Parameters: 0.999919 0.0109265 -0.0066264 -0.0104526 0.997642 0.0678389 0.00735165 -0.0677643 0.997675 0.00846525 -2.08896 0.114425
FixedParameters: 0 0 0

#Transform 102
Transform: AffineTransform_float_3_3
Parameters: 0.999915 0.0113844 -0.00635005 -0.0109486 0.997827 0.0649791 0.00707599 -0.064904 0.997867 -0.0146118 -1.78588 -0.435122
FixedParameters: 0 0 0

#Transform 103
Transform: AffineTransform_float_3_3
Parameters: 0.999905 0.0118688 -0.00699956 -0.0113931 0.997853 0.0644938 0.00775045 -0.0644081 0.997893 -0.016363 -1.86789 -0.485925
FixedParameters: 0 0 0

#Transform 104
Transform: AffineTransform_float_3_3
Parameters: 0.999905 0.0114885 -0.00752105 -0.0109614 0.997707 0.0667787 0.00827098 -0.0666903 0.99774 0.0159967 -1.95497 -0.40935
FixedParameters: 0 0 0

#Transform 105
Transform: AffineTransform_float_3_3
Parameters: 0.999928 0.00973874 -0.00703906 -0.00925026 0.99775 0.0664139 0.00766996 -0.0663441 0.997768 0.0599876 -2.39067 -0.191655
FixedParameters: 0 0 0

#Transform 106
Transform: AffineTransform_float_3_3
Parameters: 0.999988 0.00409724 0.00246371 -0.00406076 0.999886 -0.0145382 -0.00252329 0.0145288 0.999892 -0.493167 0.672545 -4.81273
FixedParameters: 0 0 0

#Transform 107
Transform: AffineTransform_float_3_3
Parameters: 0.999965 0.00827799 0.00163164 -0.00828302 0.999961 0.00308959 -0.00160636 -0.00310341 0.999994 -0.827095 0.145044 -2.75225
FixedParameters: 0 0 0

#Transform 108
Transform: AffineTransform_float_3_3
Parameters: 0.999948 0.00976942 0.00273507 -0.00989357 0.9987 0.0500045 -0.00224295 -0.0500285 0.998746 -0.720376 -1.47191 -1.09945
FixedParameters: 0 0 0

#Transform 109
Transform: AffineTransform_float_3_3
Parameters: 0.999943 -0.000438369 -0.0107362 0.00114567 0.997825 0.0658995 0.0106847 -0.0659085 0.997769 0.367846 -1.8131 -0.0783705
FixedParameters: 0 0 0

#Transform 110
Transform: AffineTransform_float_3_3
Parameters: 0.999867 0.00546445 -0.0153579 -0.00397554 0.995432 0.0953917 0.0158092 -0.0953183 0.995322 0.337293 -2.73025 1.63738
FixedParameters: 0 0 0

#Transform 111
Transform: AffineTransform_float_3_3
Parameters: 0.999875 0.00961616 -0.0125664 -0.00843787 0.995846 0.0906604 0.0133856 -0.0905426 0.995802 0.185057 -2.60327 1.16784
FixedParameters: 0 0 0

#Transform 112
Transform: AffineTransform_float_3_3
Parameters: 0.999807 0.0137824 -0.0139981 -0.0125926 0.996572 0.0817651 0.0150769 -0.081574 0.996554 0.239694 -2.32988 -0.127003
FixedParameters: 0 0 0

#Transform 113
Transform: AffineTransform_float_3_3
Parameters: 0.999859 0.010265 -0.0132834 -0.00935397 0.997714 0.0669187 0.0139396 -0.0667843 0.99767 0.360564 -1.79295 -0.907941
FixedParameters: 0 0 0

#Transform 114
Transform: AffineTransform_float_3_3
Parameters: 0.999861 0.0102101 -0.0131933 -0.00929082 0.997646 0.067943 0.0138566 -0.067811 0.997602 0.357814 -1.86548 -0.94271
FixedParameters: 0 0 0

#Transform 115
Transform: AffineTransform_float_3_3
Parameters: 0.999857 0.010229 -0.0134571 -0.009291 0.997641 0.0680087 0.0141209 -0.0678732 0.997594 0.37892 -1.84439 -0.967166
FixedParameters: 0 0 0

#Transform 116
Transform: AffineTransform_float_3_3
Parameters: 0.99986 0.0102068 -0.0132233 -0.0092912 0.997673 0.0675543 0.0138827 -0.0674227 0.997628 0.356518 -1.81118 -0.956603
FixedParameters: 0 0 0

#Transform 117
Transform: AffineTransform_float_3_3
Parameters: 0.999855 0.0102241 -0.0135719 -0.00929085 0.997702 0.0671228 0.0142271 -0.0669873 0.997653 0.377693 -1.81079 -0.978833
FixedParameters: 0 0 0

#Transform 118
Transform: AffineTransform_float_3_3
Parameters: 0.999939 -0.00814109 -0.00736946 0.00860894 0.997791 0.0658625 0.00681754 -0.0659214 0.997801 1.17178 -1.83449 -1.31835
FixedParameters: 0 0 0

#Transform 119
Transform: AffineTransform_float_3_3
Parameters: 0.991632 -0.129057 -0.00324316 0.12881 0.987432 0.0915827 -0.0086162 -0.0912345 0.995792 6.23769 -2.34635 -1.20792
FixedParameters: 0 0 0

#Transform 120
Transform: AffineTransform_float_3_3
Parameters: 0.999926 -0.0041565 0.0114537 0.00312547 0.996058 0.0886484 -0.0117774 -0.0886056 0.995997 0.390343 -2.80381 -0.794653
FixedParameters: 0 0 0

#Transform 121
Transform: AffineTransform_float_3_3
Parameters: 0.999951 -0.00693095 0.00705073 0.00631204 0.996431 0.0841776 -0.00760919 -0.0841293 0.996426 0.633956 -2.47514 -0.902029
FixedParameters: 0 0 0

#Transform 122
Transform: AffineTransform_float_3_3
Parameters: 0.999949 -0.0089754 0.00459595 0.0085626 0.996511 0.0830135 -0.00532501 -0.0829694 0.996538 0.839358 -2.44551 -0.950578
FixedParameters: 0 0 0

#Transform 123
Transform: AffineTransform_float_3_3
Parameters: 0.999956 -0.00865141 0.00359098 0.00832959 0.996619 0.0817395 -0.00428607 -0.0817055 0.996648 0.832961 -2.4082 -1.03678
FixedParameters: 0 0 0

#Transform 124
Transform: AffineTransform_float_3_3
Parameters: 0.999994 -0.00340258 0.00128131 0.00328737 0.996676 0.0813927 -0.00155472 -0.0813882 0.996682 0.642159 -2.42516 -1.07518
FixedParameters: 0 0 0

#Transform 125
Transform: AffineTransform_float_3_3
Parameters: 0.999997 -0.00261911 -0.000535738 0.00265383 0.996686 0.0813109 0.000320273 -0.0813121 0.996688 0.695045 -2.40231 -1.0812
FixedParameters: 0 0 0

#Transform 126
Transform: AffineTransform_float_3_3
Parameters: 0.999994 -0.0033787 -0.000499039 0.0034083 0.996715 0.0809187 0.000223935 -0.0809202 0.99672 0.7276 -2.37382 -1.08307
FixedParameters: 0 0 0

#Transform 127
Transform: AffineTransform_float_3_3
Parameters: 0.999976 -0.00685125 -0.000879443 0.00689972 0.996684 0.0810839 0.000320578 -0.0810882 0.996707 0.919316 -2.39115 -1.08989
FixedParameters: 0 0 0

#Transform 128
Transform: AffineTransform_float_3_3
Parameters: 0.99998 -0.0060207 -0.0018708 0.00615132 0.996722 0.0806661 0.00137926 -0.080676 0.99674 0.935632 -2.36379 -1.09189
FixedParameters: 0 0 0

#Transform 129
Transform: AffineTransform_float_3_3
Parameters: 0.999984 -0.00528921 -0.0016281 0.00540378 0.99668 0.0812395 0.00119292 -0.0812466 0.996694 0.879028 -2.37857 -1.07207
FixedParameters: 0 0 0

#Transform 130
Transform: AffineTransform_float_3_3
Parameters: 0.99998 -0.00604469 -0.00156435 0.00615127 0.996661 0.0814139 0.00106671 -0.081422 0.996679 0.897662 -2.37312 -1.06916
FixedParameters: 0 0 0

#Transform 131
Transform: AffineTransform_float_3_3
Parameters: 0.999993 -0.00345464 -0.00151646 0.00356632 0.996716 0.0809002 0.00123151 -0.0809048 0.996721 0.767136 -2.38173 -1.07936
FixedParameters: 0 0 0

#Transform 132
Transform: AffineTransform_float_3_3
Parameters: 0.999994 -0.00294924 -0.00172413 0.00307875 0.99672 0.0808601 0.00147989 -0.0808648 0.996724 0.777423 -2.37669 -1.0681
FixedParameters: 0 0 0

#Transform 133
Transform: AffineTransform_float_3_3
Parameters: 0.999996 -0.0026728 -0.00149343 0.00278416 0.996709 0.0810062 0.00127164 -0.0810098 0.996713 0.758558 -2.37656 -1.07771
FixedParameters: 0 0 0

#Transform 134
Transform: AffineTransform_float_3_3
Parameters: 0.999996 -0.00243804 -0.00177492 0.00257597 0.996597 0.0823949 0.00156808 -0.0823992 0.996598 0.759769 -2.42384 -1.0516
FixedParameters: 0 0 0

#Transform 135
Transform: AffineTransform_float_3_3
Parameters: 0.999994 -0.00288905 -0.00224758 0.0030649 0.996571 0.0826827 0.00200043 -0.0826894 0.996574 0.79696 -2.43827 -1.06068
FixedParameters: 0 0 0

#Transform 136
Transform: AffineTransform_float_3_3
Parameters: 0.999995 -0.00155071 -0.00270483 0.00177131 0.996511 0.0834416 0.00256614 -0.0834464 0.996509 0.787334 -2.45553 -1.04054
FixedParameters: 0 0 0

#Transform 137
Transform: AffineTransform_float_3_3
Parameters: 0.999988 -0.00268861 -0.00408905 0.00302039 0.996497 0.0835827 0.00385001 -0.0835934 0.996493 0.90313 -2.42995 -1.03192
FixedParameters: 0 0 0

#Transform 138
Transform: AffineTransform_float_3_3
Parameters: 0.999983 -0.00332198 -0.00464871 0.00370105 0.996455 0.0840532 0.00435329 -0.0840689 0.996451 0.95653 -2.43929 -0.992455
FixedParameters: 0 0 0

#Transform 139
Transform: AffineTransform_float_3_3
Parameters: 0.999988 -0.00289 -0.00411806 0.003217 0.996647 0.0817498 0.00386794 -0.0817622 0.996645 0.893549 -2.34934 -1.0826
FixedParameters: 0 0 0

#Transform 140
Transform: AffineTransform_float_3_3
Parameters: 0.999983 -0.00406669 -0.00421429 0.00440028 0.996593 0.0823589 0.00386469 -0.0823761 0.996594 0.949716 -2.35852 -1.04551
FixedParameters: 0 0 0

#Transform 141
Transform: AffineTransform_float_3_3
Parameters: 0.999986 -0.00379704 -0.00348479 0.00406889 0.996651 0.0816739 0.00316221 -0.0816871 0.996653 0.896367 -2.33509 -1.09554
FixedParameters: 0 0 0

#Transform 142
Transform: AffineTransform_float_3_3
Parameters: 0.999981 -0.00511423 -0.00343894 0.00537977 0.996618 0.0819891 0.003008 -0.0820059 0.996628 0.962419 -2.35064 -1.08392
FixedParameters: 0 0 0

#Transform 143
Transform: AffineTransform_float_3_3
Parameters: 0.999987 -0.00382251 -0.00333155 0.00408253 0.996647 0.0817204 0.00300841 -0.0817325 0.996649 0.897672 -2.34051 -1.07843
FixedParameters: 0 0 0

#Transform 144
Transform: AffineTransform_float_3_3
Parameters: 0.999992 -0.00288405 -0.00249296 0.00308095 0.996545 0.0829899 0.00224505 -0.0829971 0.996548 0.827164 -2.38969 -1.05075
FixedParameters: 0 0 0

#Transform 145
Transform: AffineTransform_float_3_3
Parameters: 0.999986 -0.00427102 -0.00334654 0.00453702 0.996457 0.083981 0.00297646 -0.0839949 0.996461 0.928407 -2.44487 -1.03853
FixedParameters: 0 0 0

#Transform 146
Transform: AffineTransform_float_3_3
Parameters: 0.999992 -0.00282727 -0.0030313 0.00307179 0.996458 0.0840274 0.00278372 -0.0840365 0.996459 0.852256 -2.46004 -1.07869
FixedParameters: 0 0 0

#Transform 147
Transform: AffineTransform_float_3_3
Parameters: 0.999991 -0.0021214 -0.00370301 0.0024256 0.996438 0.0842918 0.00351103 -0.0843002 0.996434 0.855458 -2.48713 -1.03423
FixedParameters: 0 0 0

#Transform 148
Transform: AffineTransform_float_3_3
Parameters: 0.999987 -0.00344104 -0.00381528 0.00375102 0.99642 0.0844578 0.00351172 -0.0844712 0.996419 0.932333 -2.4772 -1.03791
FixedParameters: 0 0 0

#Transform 149
Transform: AffineTransform_float_3_3
Parameters: 0.999984 -0.00272547 -0.0049975 0.00313657 0.996437 0.0842797 0.00475053 -0.0842933 0.996429 0.931817 -2.50156 -0.987154
FixedParameters: 0 0 0

#Transform 150
Transform: AffineTransform_float_3_3
Parameters: 0.999981 -0.000793929 -0.00613514 0.00131006 0.996416 0.0845766 0.00604586 -0.0845834 0.996398 0.87929 -2.48075 -0.946274
FixedParameters: 0 0 0

#Transform 151
Transform: AffineTransform_float_3_3
Parameters: 0.999981 -0.000880541 -0.00620808 0.00140345 0.996395 0.084826 0.00611098 -0.0848331 0.996377 0.889553 -2.44671 -0.943834
FixedParameters: 0 0 0

#Transform 152
Transform: AffineTransform_float_3_3
Parameters: 0.999976 -0.00211622 -0.00663137 0.00267084 0.996395 0.0848014 0.00642865 -0.0848167 0.996376 0.96719 -2.4722 -1.00904
FixedParameters: 0 0 0

#Transform 153
Transform: AffineTransform_float_3_3
Parameters: 0.999983 -0.0021685 -0.00532972 0.00260752 0.996471 0.0838894 0.00512932 -0.0839025 0.996461 0.907651 -2.4438 -0.973199
FixedParameters: 0 0 0

#Transform 154
Transform: AffineTransform_float_3_3
Parameters: 0.999983 -0.00201808 -0.00548119 0.0024719 0.996453 0.0841119 0.00529182 -0.0841242 0.996441 0.909797 -2.47133 -0.949146
FixedParameters: 0 0 0

#Transform 155
Transform: AffineTransform_float_3_3
Parameters: 0.999987 -0.00139142 -0.00501409 0.00180957 0.996442 0.0842631 0.00487887 -0.0842709 0.996431 0.86427 -2.48646 -1.01146
FixedParameters: 0 0 0

#Transform 156
Transform: AffineTransform_float_3_3
Parameters: 0.999986 -0.00120688 -0.00528285 0.00165213 0.996372 0.0850805 0.00516115 -0.0850885 0.99636 0.863542 -2.50789 -0.991883
FixedParameters: 0 0 0

#Transform 157
Transform: AffineTransform_float_3_3
Parameters: 0.999984 -0.000882654 -0.00556921 0.00135633 0.996315 0.0857528 0.00547285 -0.0857591 0.996301 0.872454 -2.52134 -0.975938
FixedParameters: 0 0 0

#Transform 158
Transform: AffineTransform_float_3_3
Parameters: 0.999984 -0.00126412 -0.00563104 0.00174187 0.99632 0.0856856 0.00550198 -0.0856944 0.996307 0.884121 -2.48487 -0.983308
FixedParameters: 0 0 0

#Transform 159
Transform: AffineTransform_float_3_3
Parameters: 0.999983 -0.00108321 -0.00575276 0.00157481 0.996278 0.0861844 0.00563825 -0.0861915 0.996262 0.865662 -2.49438 -0.990248
FixedParameters: 0 0 0

#Transform 160
Transform: AffineTransform_float_3_3
Parameters: 0.99998 -0.00236246 -0.00598802 0.00286754 0.996302 0.0858736 0.00576302 -0.0858894 0.996288 0.974158 -2.46826 -1.06213
FixedParameters: 0 0 0

#Transform 161
Transform: AffineTransform_float_3_3
Parameters: 0.999977 -0.00158198 -0.00658855 0.00214606 0.996249 0.0864988 0.00642745 -0.0865111 0.99623 0.961828 -2.50546 -1.02381
FixedParameters: 0 0 0

#Transform 162
Transform: AffineTransform_float_3_3
Parameters: 0.99998 -0.000846926 -0.00635772 0.0013921 0.996274 0.0862259 0.00626129 -0.0862331 0.996256 0.902445 -2.47936 -0.977004
FixedParameters: 0 0 0

#Transform 163
Transform: AffineTransform_float_3_3
Parameters: 0.999976 -0.000360895 -0.00692821 0.000959176 0.996249 0.0865214 0.00687178 -0.0865255 0.996226 0.925001 -2.52145 -0.954183
FixedParameters: 0 0 0

#Transform 164
Transform: AffineTransform_float_3_3
Parameters: 0.999973 -0.0018541 -0.00713042 0.00246195 0.996273 0.0862148 0.00694459 -0.0862292 0.996251 0.976971 -2.48763 -1.00169
FixedParameters: 0 0 0

#Transform 165
Transform: AffineTransform_float_3_3
Parameters: 0.999975 -0.000408031 -0.00705083 0.00102398 0.996157 0.0875799 0.00698817 -0.087585 0.996132 0.933119 -2.56133 -0.91395
FixedParameters: 0 0 0

#Transform 166
Transform: AffineTransform_float_3_3
Parameters: 0.999988 -0.00216485 -0.0044431 0.00259414 0.995086 0.0989746 0.00420689 -0.0989853 0.99508 0.831007 -2.93602 -0.109069
FixedParameters: 0 0 0

#Transform 167
Transform: AffineTransform_float_3_3
Parameters: 0.999996 -0.000863136 -0.00275569 0.00113189 0.995114 0.0987333 0.00265723 -0.0987357 0.99511 0.711523 -2.91318 -0.215152
FixedParameters: 0 0 0

#Transform 168
Transform: AffineTransform_float_3_3
Parameters: 0.999991 -0.00162819 -0.00387067 0.00199584 0.995308 0.0967372 0.00369525 -0.0967439 0.995303 0.798125 -2.8508 -0.455289
FixedParameters: 0 0 0

#Transform 169
Transform: AffineTransform_float_3_3
Parameters: 0.999979 -0.0011835 -0.00626483 0.00177742 0.995418 0.0955947 0.00612211 -0.0956041 0.9954 0.883597 -2.82803 -0.57983
FixedParameters: 0 0 0

#Transform 170
Transform: AffineTransform_float_3_3
Parameters: 0.999981 -0.00126897 -0.00591843 0.00182899 0.995418 0.0956019 0.00576956 -0.0956101 0.995402 0.869356 -2.80275 -0.628044
FixedParameters: 0 0 0

#Transform 171
Transform: AffineTransform_float_3_3
Parameters: 0.999978 -0.000702098 -0.00670623 0.00133698 0.995462 0.0951442 0.00660978 -0.0951508 0.995441 0.882425 -2.79412 -0.588342
FixedParameters: 0 0 0

#Transform 172
Transform: AffineTransform_float_3_3
Parameters: 0.999975 -0.00177404 -0.00682384 0.00240997 0.995537 0.0943479 0.00662617 -0.0943621 0.995516 0.933006 -2.74866 -0.591488
FixedParameters: 0 0 0

#Transform 173
Transform: AffineTransform_float_3_3
Parameters: 0.999972 -0.000970356 -0.00732958 0.00165869 0.995519 0.0945414 0.00720545 -0.0945505 0.995494 0.92069 -2.77771 -0.608179
FixedParameters: 0 0 0

#Transform 174
Transform: AffineTransform_float_3_3
Parameters: 0.999982 -0.000901553 -0.00605124 0.00145742 0.995718 0.0924239 0.00594173 -0.0924311 0.995702 0.85504 -2.63838 -0.781095
FixedParameters: 0 0 0

#Transform 175
Transform: AffineTransform_float_3_3
Parameters: 0.999987 -0.000856828 -0.00515835 0.00133414 0.995644 0.0932254 0.00505564 -0.0932306 0.995631 0.80813 -2.68534 -0.740522
FixedParameters: 0 0 0

#Transform 176
Transform: AffineTransform_float_3_3
Parameters: 0.999987 -0.000824696 -0.00500425 0.00128628 0.995676 0.0928918 0.00490572 -0.0928972 0.995663 0.803436 -2.70974 -0.765286
FixedParameters: 0 0 0

#Transform 177
Transform: AffineTransform_float_3_3
Parameters: 0.999987 -0.000662775 -0.00492326 0.0011192 0.995642 0.0932507 0.00483972 -0.0932554 0.995631 0.801309 -2.71188 -0.780047
FixedParameters: 0 0 0

#Transform 178
Transform: AffineTransform_float_3_3
Parameters: 0.999987 -0.000715372 -0.00514287 0.00119464 0.995583 0.0938711 0.00505317 -0.0938768 0.995571 0.809404 -2.77328 -0.760794
FixedParameters: 0 0 0

#Transform 179
Transform: AffineTransform_float_3_3
Parameters: 0.999987 -0.000353648 -0.00518841 0.000840316 0.99555 0.0942319 0.00513165 -0.0942351 0.995537 0.78833 -2.79651 -0.791109
FixedParameters: 0 0 0

#Transform 180
Transform: AffineTransform_float_3_3
Parameters: 0.999988 -0.000572064 -0.00486584 0.00103395 0.995432 0.0954691 0.00478916 -0.0954728 0.99542 0.776087 -2.85916 -0.815613
FixedParameters: 0 0 0

#Transform 181
Transform: AffineTransform_float_3_3
Parameters: 0.999981 9.40081e-05 -0.00612308 0.000492 0.995417 0.0956328 0.00610393 -0.0956343 0.995398 0.809895 -2.84285 -0.762591
FixedParameters: 0 0 0

#Transform 182
Transform: AffineTransform_float_3_3
Parameters: 0.999979 7.07318e-05 -0.00636513 0.000534724 0.995467 0.0951126 0.0063429 -0.0951135 0.995446 0.815662 -2.79762 -0.788958
FixedParameters: 0 0 0

#Transform 183
Transform: AffineTransform_float_3_3
Parameters: 0.99998 -0.000351587 -0.00642708 0.000958403 0.995516 0.0945948 0.00636488 -0.0945992 0.995495 0.827391 -2.77506 -0.789162
FixedParameters: 0 0 0

#Transform 184
Transform: AffineTransform_float_3_3
Parameters: 0.99997 0.00029354 -0.00772801 0.000440545 0.995489 0.0948764 0.00772103 -0.0948766 0.995459 0.865954 -2.78801 -0.811296
FixedParameters: 0 0 0

#Transform 185
Transform: AffineTransform_float_3_3
Parameters: 0.999958 0.00196226 -0.00888651 -0.00110769 0.995454 0.0952438 0.00903356 -0.0952303 0.995415 0.833783 -2.82097 -0.694617
FixedParameters: 0 0 0

#Transform 186
Transform: AffineTransform_float_3_3
Parameters: 0.999957 0.000977913 -0.00914542 -0.000102032 0.995449 0.0952899 0.00919757 -0.095285 0.995407 0.899315 -2.78154 -0.66882
FixedParameters: 0 0 0

#Transform 187
Transform: AffineTransform_float_3_3
Parameters: 0.999961 0.00071677 -0.00882884 0.000125782 0.995469 0.0950876 0.00885717 -0.0950853 0.995429 0.894977 -2.78001 -0.748522
FixedParameters: 0 0 0

#Transform 188
Transform: AffineTransform_float_3_3
Parameters: 0.999959 0.000790791 -0.00894536 6.67598e-05 0.99543 0.0954882 0.00897966 -0.0954847 0.995391 0.899438 -2.82339 -0.735421
FixedParameters: 0 0 0

#Transform 189
Transform: AffineTransform_float_3_3
Parameters: 0.999959 0.000543028 -0.00897817 0.000317106 0.995428 0.095513 0.00898981 -0.095512 0.995387 0.942619 -2.82224 -0.717394
FixedParameters: 0 0 0

#Transform 190
Transform: AffineTransform_float_3_3
Parameters: 0.999961 0.00052624 -0.00883802 0.000317245 0.995464 0.0951399 0.00884795 -0.095138 0.995424 0.910094 -2.80282 -0.722904
FixedParameters: 0 0 0

#Transform 191
Transform: AffineTransform_float_3_3
Parameters: 0.999962 0.000212661 -0.00872396 0.000612667 0.995521 0.0945312 0.00870506 -0.0945327 0.995483 0.918125 -2.74775 -0.779305
FixedParameters: 0 0 0

#Transform 192
Transform: AffineTransform_float_3_3
