# transform file /out/sourcedata/freesurfer/sub-v1s9x0051359_ses-1/mri/transforms/cc_up.lta
# created by oesteban on Tue Mar 10 09:14:21 2026

type      = 0 # LINEAR_VOX_TO_VOX
nxforms   = 1
mean      = 129.0000 96.0000 118.0000
sigma     = 10000.0000
1 4 4
9.901469349861145e-01 1.326431781053543e-01 -4.488883912563324e-02 -7.803409576416016e+00 
-1.325070708990097e-01 9.911639690399170e-01 6.007279269397259e-03 6.734478759765625e+01 
4.528902098536491e-02 -4.656613428188905e-10 9.989740252494812e-01 5.187190055847168e+00 
0.000000000000000e+00 0.000000000000000e+00 0.000000000000000e+00 1.000000000000000e+00 
src volume info
valid = 1  # volume info valid
filename = /out/sourcedata/freesurfer/sub-v1s9x0051359_ses-1/mri/norm.mgz
volume = 256 256 256
voxelsize = 1.000000000000000e+00 1.000000000000000e+00 1.000000000000000e+00
xras   = -1.000000000000000e+00 0.000000000000000e+00 0.000000000000000e+00
yras   = 0.000000000000000e+00 0.000000000000000e+00 -1.000000000000000e+00
zras   = 0.000000000000000e+00 1.000000000000000e+00 0.000000000000000e+00
cras   = 4.167762756347656e+00 -6.699615478515625e+00 -3.534382629394531e+01
dst volume info
valid = 1  # volume info valid
filename = /out/sourcedata/freesurfer/sub-v1s9x0051359_ses-1/mri/norm.mgz
volume = 256 256 256
voxelsize = 1.000000000000000e+00 1.000000000000000e+00 1.000000000000000e+00
xras   = -1.000000000000000e+00 0.000000000000000e+00 0.000000000000000e+00
yras   = 0.000000000000000e+00 0.000000000000000e+00 -1.000000000000000e+00
zras   = 0.000000000000000e+00 1.000000000000000e+00 0.000000000000000e+00
cras   = 4.167762756347656e+00 -6.699615478515625e+00 -3.534382629394531e+01
