#Insight Transform File V1.0
#Transform 0
Transform: AffineTransform_float_3_3
Parameters: 1 0.000333804 0.0002183 -0.000334195 0.999999 0.000897926 -0.0002177 -0.000898072 0.999999 0.0682504 -0.195138 0.315378
FixedParameters: 0 0 0

#Transform 1
Transform: AffineTransform_float_3_3
Parameters: 0.999999 0.000745801 -0.000596514 -0.000743196 0.999989 0.00468244 0.000600486 -0.00468255 0.999989 0.0500727 -0.366337 0.450458
FixedParameters: 0 0 0

#Transform 2
Transform: AffineTransform_float_3_3
Parameters: 0.999997 0.000215082 -0.00211389 -0.000213919 1 0.000511453 0.00211411 -0.000511546 0.999997 0.0302542 0.0550252 -0.271231
FixedParameters: 0 0 0

#Transform 3
Transform: AffineTransform_float_3_3
Parameters: 0.999999 0.000710214 -0.00163188 -0.000703785 0.99999 0.00441716 0.00163512 -0.00441585 0.999989 0.102078 -0.389077 0.393265
FixedParameters: 0 0 0

#Transform 4
Transform: AffineTransform_float_3_3
Parameters: 0.999999 0.000250633 -0.00123127 -0.000246367 0.999995 0.0029503 0.00123173 -0.00294969 0.999995 0.0675357 -0.21275 0.220507
FixedParameters: 0 0 0

#Transform 5
Transform: AffineTransform_float_3_3
Parameters: 0.999999 0.0014186 -0.000554934 -0.0014174 0.999995 0.00286779 0.000559067 -0.00286721 0.999995 0.0144281 -0.210549 0.295225
FixedParameters: 0 0 0

#Transform 6
Transform: AffineTransform_float_3_3
Parameters: 0.999998 0.00173447 -0.00142034 -0.00172853 0.999991 0.00384546 0.00142665 -0.00384253 0.999991 0.0294327 -0.2576 0.286853
FixedParameters: 0 0 0

#Transform 7
Transform: AffineTransform_float_3_3
Parameters: 0.999998 -0.000532613 0.00197311 0.000544386 0.999983 -0.00577494 -0.00196989 0.00577606 0.999982 -0.0582796 0.352812 -0.525896
FixedParameters: 0 0 0

#Transform 8
Transform: AffineTransform_float_3_3
Parameters: 0.999991 0.00167889 -0.00395644 -0.00159512 0.999776 0.0211125 0.00399056 -0.0211065 0.99977 0.044131 -1.2928 0.241503
FixedParameters: 0 0 0

#Transform 9
Transform: AffineTransform_float_3_3
Parameters: 0.999992 0.00153241 -0.00350041 -0.00150058 0.999958 0.00895831 0.00351458 -0.00895268 0.999953 0.0409212 -0.515458 0.222338
FixedParameters: 0 0 0

#Transform 10
Transform: AffineTransform_float_3_3
Parameters: 0.999996 0.00156846 -0.0024247 -0.00155453 0.999981 0.0059558 0.0024343 -0.00595221 0.99998 0.00974715 -0.356667 0.251615
FixedParameters: 0 0 0

#Transform 11
Transform: AffineTransform_float_3_3
Parameters: 0.999996 0.0019614 -0.00200686 -0.0019516 0.999987 0.00467394 0.00201614 -0.00467007 0.999987 0.0131963 -0.268244 0.311853
FixedParameters: 0 0 0

#Transform 12
Transform: AffineTransform_float_3_3
Parameters: 0.999999 0.000988121 -0.0011814 -0.000984876 0.999996 0.00264017 0.0011846 -0.00263883 0.999996 0.0377427 -0.162232 0.137694
FixedParameters: 0 0 0

#Transform 13
Transform: AffineTransform_float_3_3
Parameters: 1 0.000496554 -0.000859682 -0.000496447 0.999999 0.000643427 0.000860321 -0.000643573 1 0.0249175 -0.0393039 -0.0642722
FixedParameters: 0 0 0

#Transform 14
Transform: AffineTransform_float_3_3
Parameters: 0.999999 0.0007035 -0.000637552 -0.000703501 1 -0.000785552 0.000637447 0.000785449 0.999999 -0.00995535 -0.0550046 -0.210924
FixedParameters: 0 0 0

#Transform 15
Transform: AffineTransform_float_3_3
Parameters: 0.999999 0.000200015 0.000842524 -0.000197985 0.999997 -0.00239017 -0.000843475 0.00239083 0.999997 -0.0614838 0.170069 -0.151477
FixedParameters: 0 0 0

#Transform 16
Transform: AffineTransform_float_3_3
Parameters: 1 0.000337772 0.000281273 -0.000338227 0.999999 0.000808904 -0.000280726 -0.000809094 0.999999 0.029641 -0.116659 0.119364
FixedParameters: 0 0 0

#Transform 17
Transform: AffineTransform_float_3_3
Parameters: 0.999999 -0.000602381 0.000447488 0.000601619 1 0.000849269 -0.000448511 -0.00084973 0.999999 0.00272415 -0.0396269 0.0350822
FixedParameters: 0 0 0

#Transform 18
Transform: AffineTransform_float_3_3
Parameters: 0.999999 -0.000978946 -0.000819064 0.000979053 0.999999 6.51981e-05 0.000818936 -6.58017e-05 0.999999 0.0334913 -0.00598411 -0.0938502
FixedParameters: 0 0 0

#Transform 19
Transform: AffineTransform_float_3_3
Parameters: 0.999999 -0.00050802 0.000491979 0.00050798 1 4.12499e-05 -0.000492021 -4.075e-05 1 -0.0136492 -0.052856 0.112786
FixedParameters: 0 0 0

#Transform 20
Transform: AffineTransform_float_3_3
Parameters: 0.999999 -0.000758003 0.000172985 0.000757996 0.999999 1.91311e-05 -0.000173015 -1.98689e-05 1 0.0143984 0.0093375 0.0208639
FixedParameters: 0 0 0

#Transform 21
Transform: AffineTransform_float_3_3
Parameters: 1 -0.000507813 -0.000405234 0.000508186 1 0.000460794 0.000404766 -0.000461205 1 0.0567474 -0.0123933 0.123454
FixedParameters: 0 0 0

#Transform 22
Transform: AffineTransform_float_3_3
Parameters: 1 0.000465847 0.000300237 -0.000466152 1 0.00050786 -0.000299763 -0.00050814 1 -0.0113896 -0.0373165 0.166907
FixedParameters: 0 0 0

#Transform 23
Transform: AffineTransform_float_3_3
Parameters: 1 -0.000258071 7.77649e-05 0.000257929 0.999999 0.000911019 -7.8235e-05 -0.000910979 0.999999 0.0425077 -0.0402789 0.167186
FixedParameters: 0 0 0

#Transform 24
Transform: AffineTransform_float_3_3
Parameters: 1 0.000177231 -0.00111196 -0.000176769 1 0.000208197 0.00111204 -0.000207803 1 -0.0130209 0.0397381 -0.121811
FixedParameters: 0 0 0

#Transform 25
Transform: AffineTransform_float_3_3
Parameters: 1 0.00046615 -0.00106093 -0.000465849 1 0.000142494 0.00106007 -0.000141506 1 -0.0168875 -0.0121344 -0.0883554
FixedParameters: 0 0 0

#Transform 26
Transform: AffineTransform_float_3_3
Parameters: 0.999999 0.000211113 -0.000846221 -0.000211886 1 -0.00104782 0.000845778 0.00104818 0.999999 -0.0220855 0.0401143 -0.122974
FixedParameters: 0 0 0

#Transform 27
Transform: AffineTransform_float_3_3
Parameters: 0.999999 -0.000849206 0.00101335 0.000851793 0.999996 -0.00276014 -0.00101065 0.00276086 0.999995 0.00951017 0.161547 -0.113193
FixedParameters: 0 0 0

#Transform 28
Transform: AffineTransform_float_3_3
Parameters: 0.999992 0.00274647 -0.00296015 -0.00267654 0.999719 0.0235521 0.00302387 -0.0235439 0.999718 -0.018368 -1.34587 0.951926
FixedParameters: 0 0 0

#Transform 29
Transform: AffineTransform_float_3_3
Parameters: 0.999989 0.00226131 -0.00393295 -0.00219168 0.999844 0.0175398 0.00397204 -0.0175312 0.999838 0.0114389 -0.961966 0.80191
FixedParameters: 0 0 0

#Transform 30
Transform: AffineTransform_float_3_3
Parameters: 0.999985 0.00273821 -0.00489579 -0.00260281 0.999621 0.0274142 0.00496821 -0.0274008 0.999612 0.164858 -1.4986 1.44898
FixedParameters: 0 0 0

#Transform 31
Transform: AffineTransform_float_3_3
Parameters: 0.999985 0.00264091 -0.00476586 -0.00256909 0.999883 0.0150315 0.00480514 -0.0150195 0.999875 0.107081 -0.836547 0.73761
FixedParameters: 0 0 0

#Transform 32
Transform: AffineTransform_float_3_3
Parameters: 0.99999 0.00207594 -0.00398205 -0.00204707 0.999971 0.00725622 0.00399695 -0.00724877 0.999965 0.0533171 -0.353281 0.214137
FixedParameters: 0 0 0

#Transform 33
Transform: AffineTransform_float_3_3
Parameters: 0.999988 0.00182313 -0.00453922 -0.00179087 0.999974 0.00707321 0.00455177 -0.00706479 0.999964 0.0665523 -0.42996 0.141997
FixedParameters: 0 0 0

#Transform 34
Transform: AffineTransform_float_3_3
Parameters: 0.999977 0.00189421 -0.00654927 -0.00182179 0.999936 0.0111672 0.00656974 -0.0111548 0.999916 0.174074 -0.66513 0.369495
FixedParameters: 0 0 0

#Transform 35
Transform: AffineTransform_float_3_3
Parameters: 0.999978 0.00191755 -0.006445 -0.00184945 0.999942 0.0106252 0.00646501 -0.0106128 0.999923 0.154 -0.572848 0.308334
FixedParameters: 0 0 0

#Transform 36
Transform: AffineTransform_float_3_3
Parameters: 0.999984 0.00189871 -0.00519015 -0.00185229 0.999958 0.00898875 0.00520785 -0.00897925 0.999946 0.0892126 -0.501204 0.30335
FixedParameters: 0 0 0

#Transform 37
Transform: AffineTransform_float_3_3
Parameters: 0.999982 0.00196192 -0.00564791 -0.00191208 0.999959 0.00882996 0.0056651 -0.00881905 0.999945 0.0782765 -0.491004 0.22534
FixedParameters: 0 0 0

#Transform 38
Transform: AffineTransform_float_3_3
Parameters: 0.999984 0.00242372 -0.00520678 -0.00237128 0.999946 0.0101085 0.00523023 -0.0100955 0.999936 0.0658129 -0.573206 0.472417
FixedParameters: 0 0 0

#Transform 39
Transform: AffineTransform_float_3_3
Parameters: 0.999982 0.00148703 -0.00582845 -0.00144097 0.999968 0.00789254 0.00584055 -0.00788446 0.999952 0.110446 -0.444908 0.0317186
FixedParameters: 0 0 0

#Transform 40
Transform: AffineTransform_float_3_3
Parameters: 0.999973 0.00201029 -0.00704625 -0.00194672 0.999958 0.00897696 0.00706375 -0.00896304 0.999935 0.0895862 -0.506789 -0.0608553
FixedParameters: 0 0 0

#Transform 41
Transform: AffineTransform_float_3_3
Parameters: 0.999954 0.00251065 -0.00918872 -0.00237034 0.999881 0.0152865 0.00922628 -0.0152635 0.999841 0.212501 -0.878125 0.259367
FixedParameters: 0 0 0

#Transform 42
Transform: AffineTransform_float_3_3
Parameters: 0.999965 0.0021109 -0.00809785 -0.0020201 0.999935 0.0112168 0.00812116 -0.0112003 0.999905 0.186745 -0.62642 0.108735
FixedParameters: 0 0 0

#Transform 43
Transform: AffineTransform_float_3_3
Parameters: 0.999963 0.00254536 -0.00823679 -0.00246865 0.999954 0.00926668 0.00825921 -0.00924632 0.999923 0.150771 -0.521717 -0.0820206
FixedParameters: 0 0 0

#Transform 44
Transform: AffineTransform_float_3_3
Parameters: 0.999967 0.0025795 -0.00777468 -0.00250451 0.999951 0.00957679 0.00779832 -0.0095572 0.999924 0.136472 -0.569511 0.0489164
FixedParameters: 0 0 0

#Transform 45
Transform: AffineTransform_float_3_3
Parameters: 0.999954 0.00254899 -0.00923899 -0.00243002 0.999915 0.012867 0.009271 -0.012844 0.999874 0.191106 -0.716094 0.186508
FixedParameters: 0 0 0

#Transform 46
Transform: AffineTransform_float_3_3
Parameters: 0.999963 0.00239434 -0.00833956 -0.00228166 0.999907 0.0134535 0.00837143 -0.0134345 0.999874 0.151999 -0.781978 0.298698
FixedParameters: 0 0 0

#Transform 47
Transform: AffineTransform_float_3_3
Parameters: 0.99994 0.00378446 -0.0102596 -0.00370054 0.99996 0.00814245 0.0102894 -0.00810355 0.999914 0.125666 -0.302009 -0.242173
FixedParameters: 0 0 0

#Transform 48
Transform: AffineTransform_float_3_3
Parameters: 0.999947 0.00266422 -0.00988857 -0.00253277 0.999909 0.0132587 0.00992342 -0.0132333 0.999863 0.253553 -0.8488 0.297342
FixedParameters: 0 0 0

#Transform 49
Transform: AffineTransform_float_3_3
Parameters: 0.999958 0.00268463 -0.00875123 -0.00258937 0.999937 0.0109211 0.00877977 -0.0108979 0.999902 0.179897 -0.59901 0.23659
FixedParameters: 0 0 0

#Transform 50
Transform: AffineTransform_float_3_3
Parameters: 0.999962 0.00314427 -0.00813256 -0.00307474 0.999959 0.00851533 0.00815844 -0.00849067 0.99993 0.122233 -0.466476 0.161199
FixedParameters: 0 0 0

#Transform 51
Transform: AffineTransform_float_3_3
Parameters: 0.999958 0.00338935 -0.00858866 -0.00332765 0.999968 0.00726289 0.00861335 -0.00723411 0.999936 0.145186 -0.355687 0.0977265
FixedParameters: 0 0 0

#Transform 52
Transform: AffineTransform_float_3_3
Parameters: 0.999958 0.00322681 -0.00858856 -0.00316119 0.999965 0.00766447 0.00861344 -0.00763752 0.999933 0.163753 -0.428754 0.110982
FixedParameters: 0 0 0

#Transform 53
Transform: AffineTransform_float_3_3
Parameters: 0.999958 0.00318669 -0.00859183 -0.0031293 0.999972 0.00672017 0.00861319 -0.00669283 0.999941 0.135033 -0.388705 -0.111895
FixedParameters: 0 0 0

#Transform 54
Transform: AffineTransform_float_3_3
Parameters: 0.999962 0.00313122 -0.00811077 -0.00307278 0.99997 0.0071812 0.00813224 -0.00715581 0.999942 0.113753 -0.38432 0.00510517
FixedParameters: 0 0 0

#Transform 55
Transform: AffineTransform_float_3_3
Parameters: 0.999926 0.00361347 -0.0115513 -0.00351752 0.999959 0.00836125 0.0115817 -0.00831976 0.999899 0.23655 -0.459059 -0.110782
FixedParameters: 0 0 0

#Transform 56
Transform: AffineTransform_float_3_3
Parameters: 0.999946 0.00384526 -0.0096771 -0.00378174 0.999972 0.00654695 0.00970189 -0.00651005 0.999931 0.146589 -0.407421 -0.0683341
FixedParameters: 0 0 0

#Transform 57
Transform: AffineTransform_float_3_3
Parameters: 0.999943 0.00422703 -0.00981578 -0.00412996 0.999942 0.0098851 0.00985722 -0.00984389 0.999903 0.173135 -0.541635 0.246274
FixedParameters: 0 0 0

#Transform 58
Transform: AffineTransform_float_3_3
Parameters: 0.999941 0.00413491 -0.0100537 -0.00403809 0.999946 0.00964017 0.0100933 -0.00959884 0.999903 0.194672 -0.524299 0.205208
FixedParameters: 0 0 0

#Transform 59
Transform: AffineTransform_float_3_3
Parameters: 0.999959 0.00337055 -0.00846423 -0.00332346 0.999978 0.00562436 0.00848279 -0.00559664 0.999949 0.12157 -0.31473 -0.139925
FixedParameters: 0 0 0

#Transform 60
Transform: AffineTransform_float_3_3
Parameters: 0.999899 0.00367987 -0.0137619 -0.00342713 0.999825 0.018353 0.0138271 -0.018304 0.999737 0.380281 -0.902332 0.293198
FixedParameters: 0 0 0

#Transform 61
Transform: AffineTransform_float_3_3
Parameters: 0.999903 0.00414936 -0.0133447 -0.00385464 0.999748 0.0220826 0.0134333 -0.0220294 0.999667 0.358083 -1.2698 0.509049
FixedParameters: 0 0 0

#Transform 62
Transform: AffineTransform_float_3_3
Parameters: 0.999933 0.00332125 -0.0111057 -0.00318675 0.999922 0.0120842 0.0111453 -0.0120478 0.999866 0.276521 -0.639334 0.100203
FixedParameters: 0 0 0

#Transform 63
Transform: AffineTransform_float_3_3
Parameters: 0.999735 0.00764451 -0.0217446 -0.0072565 0.999815 0.0178445 0.0218764 -0.0176815 0.999605 0.620707 -0.92201 0.131538
FixedParameters: 0 0 0

#Transform 64
Transform: AffineTransform_float_3_3
Parameters: 0.999672 0.010587 -0.0233227 -0.010155 0.999776 0.0185659 0.0235133 -0.0183231 0.999555 0.646047 -0.992869 0.190242
FixedParameters: 0 0 0

#Transform 65
Transform: AffineTransform_float_3_3
Parameters: 0.99973 0.00787854 -0.02183 -0.00758948 0.999883 0.0132682 0.021932 -0.0130997 0.999673 0.579379 -0.653242 -0.273004
FixedParameters: 0 0 0

#Transform 66
Transform: AffineTransform_float_3_3
Parameters: 0.999869 0.005477 -0.0151878 -0.00533298 0.99994 0.00950624 0.0152392 -0.00942376 0.99984 0.35616 -0.501244 -0.339413
FixedParameters: 0 0 0

#Transform 67
Transform: AffineTransform_float_3_3
Parameters: 0.999806 0.00548667 -0.0189108 -0.00528934 0.999931 0.0104871 0.0189662 -0.010385 0.999766 0.489344 -0.574299 -0.591959
FixedParameters: 0 0 0

#Transform 68
Transform: AffineTransform_float_3_3
Parameters: 0.999819 0.00531816 -0.0182688 -0.00519286 0.999963 0.00694513 0.0183053 -0.00684989 0.999809 0.441725 -0.402222 -0.69943
FixedParameters: 0 0 0

#Transform 69
Transform: AffineTransform_float_3_3
Parameters: 0.999881 0.00516386 -0.0145033 -0.00505416 0.999959 0.00760021 0.0145416 -0.0075268 0.999866 0.342311 -0.445786 -0.419385
FixedParameters: 0 0 0

#Transform 70
Transform: AffineTransform_float_3_3
Parameters: 0.999884 0.00498392 -0.0144318 -0.00487108 0.999958 0.0077802 0.0144702 -0.00770878 0.999865 0.371596 -0.437779 -0.318049
FixedParameters: 0 0 0

#Transform 71
Transform: AffineTransform_float_3_3
Parameters: 0.999872 0.00556493 -0.0149591 -0.00545106 0.999956 0.00764652 0.0150009 -0.00756348 0.999859 0.340996 -0.435354 -0.396743
FixedParameters: 0 0 0

#Transform 72
Transform: AffineTransform_float_3_3
Parameters: 0.999904 0.00466937 -0.0130376 -0.00457763 0.999965 0.00702936 0.0130704 -0.00696864 0.999891 0.347628 -0.356861 -0.157135
FixedParameters: 0 0 0

#Transform 73
Transform: AffineTransform_float_3_3
Parameters: 0.999929 0.00469228 -0.011021 -0.00462571 0.999971 0.00603241 0.011049 -0.00598059 0.999921 0.248469 -0.325881 -0.122666
FixedParameters: 0 0 0

#Transform 74
Transform: AffineTransform_float_3_3
Parameters: 0.999932 0.0041001 -0.0109761 -0.00402991 0.999972 0.00640068 0.0110019 -0.00635633 0.99992 0.241898 -0.33053 -0.228359
FixedParameters: 0 0 0

#Transform 75
Transform: AffineTransform_float_3_3
Parameters: 0.999915 0.0048717 -0.0121054 -0.0047953 0.999969 0.00635659 0.0121366 -0.00629841 0.999906 0.265945 -0.347346 -0.197869
FixedParameters: 0 0 0

#Transform 76
Transform: AffineTransform_float_3_3
Parameters: 0.999919 0.00495499 -0.0117192 -0.00488401 0.999969 0.00607873 0.0117488 -0.00602127 0.999913 0.249137 -0.308721 -0.134974
FixedParameters: 0 0 0

#Transform 77
Transform: AffineTransform_float_3_3
Parameters: 0.999935 0.0044268 -0.0105304 -0.0043632 0.999972 0.00607434 0.0105566 -0.00602766 0.999926 0.225538 -0.31394 -0.143404
FixedParameters: 0 0 0

#Transform 78
Transform: AffineTransform_float_3_3
Parameters: 0.999922 0.00427842 -0.0116863 -0.00420258 0.999969 0.00655562 0.0117147 -0.00650638 0.99991 0.274142 -0.34133 -0.244052
FixedParameters: 0 0 0

#Transform 79
Transform: AffineTransform_float_3_3
Parameters: 0.999916 0.00460453 -0.0121627 -0.00452847 0.999971 0.0062306 0.0121903 -0.00617439 0.999906 0.271801 -0.369203 -0.279992
FixedParameters: 0 0 0

#Transform 80
Transform: AffineTransform_float_3_3
Parameters: 0.999998 0.00137014 -0.00178783 -0.00137986 0.999986 -0.00496454 0.00178117 0.00496645 0.999986 0.0705476 0.211976 -0.288953
FixedParameters: 0 0 0

#Transform 81
Transform: AffineTransform_float_3_3
Parameters: 0.99998 0.00364856 -0.00527911 -0.00362344 0.999982 0.00465422 0.00529589 -0.00463477 0.999975 0.114582 -0.324778 0.274066
FixedParameters: 0 0 0

#Transform 82
Transform: AffineTransform_float_3_3
Parameters: 0.99999 0.00224515 -0.00373773 -0.00225285 0.999996 -0.0020986 0.00373327 0.0021064 0.999991 0.0980817 0.239103 -0.257695
FixedParameters: 0 0 0

#Transform 83
Transform: AffineTransform_float_3_3
Parameters: 0.999984 0.00251821 -0.00508992 -0.00251379 0.999997 0.000832809 0.00509208 -0.00082019 0.999986 0.115711 -0.146654 -0.179672
FixedParameters: 0 0 0

#Transform 84
Transform: AffineTransform_float_3_3
Parameters: 0.999982 0.00296216 -0.00508044 -0.00298084 0.99999 -0.00350692 0.00507055 0.00352208 0.999981 0.0941338 0.152818 -0.403752
FixedParameters: 0 0 0

#Transform 85
Transform: AffineTransform_float_3_3
Parameters: 0.999982 0.00292407 -0.00510078 -0.00297193 0.999952 -0.009415 0.00507222 0.00942999 0.999942 0.0712603 0.536055 -0.800406
FixedParameters: 0 0 0

#Transform 86
Transform: AffineTransform_float_3_3
Parameters: 0.99997 0.002923 -0.00708703 -0.00293999 0.999993 -0.00238823 0.00707996 0.00240977 0.999972 0.157277 0.0768577 -0.588542
FixedParameters: 0 0 0

#Transform 87
Transform: AffineTransform_float_3_3
Parameters: 0.999944 0.00303378 -0.0100728 -0.00301322 0.999994 0.00207747 0.0100792 -0.00204754 0.999947 0.228704 -0.170214 -0.571792
FixedParameters: 0 0 0

#Transform 88
Transform: AffineTransform_float_3_3
Parameters: 0.999952 0.00364108 -0.00903332 -0.00361692 0.99999 0.0026808 0.00904266 -0.0026482 0.999955 0.175472 -0.213082 -0.227082
FixedParameters: 0 0 0

#Transform 89
Transform: AffineTransform_float_3_3
Parameters: 0.99994 0.00390972 -0.0102915 -0.00386527 0.999983 0.00426504 0.0103085 -0.00422495 0.999938 0.237079 -0.283702 -0.202711
FixedParameters: 0 0 0

#Transform 90
Transform: AffineTransform_float_3_3
Parameters: 0.999956 0.00304458 -0.00889418 -0.0029984 0.999981 0.0052469 0.00891081 -0.0052191 0.999946 0.233372 -0.273281 -0.0628399
FixedParameters: 0 0 0

#Transform 91
Transform: AffineTransform_float_3_3
Parameters: 0.999956 0.00291014 -0.00889869 -0.00286586 0.999983 0.00496872 0.00891332 -0.00494328 0.999948 0.196784 -0.253463 -0.264158
FixedParameters: 0 0 0

#Transform 92
Transform: AffineTransform_float_3_3
Parameters: 0.99995 0.00326968 -0.00943103 -0.00323232 0.999986 0.00400768 0.00944399 -0.00397732 0.999948 0.198597 -0.236135 -0.322237
FixedParameters: 0 0 0

#Transform 93
Transform: AffineTransform_float_3_3
Parameters: 0.999952 0.00330994 -0.00922125 -0.00327707 0.999988 0.00358439 0.00923276 -0.00355461 0.999951 0.183024 -0.229354 -0.252412
FixedParameters: 0 0 0

#Transform 94
Transform: AffineTransform_float_3_3
Parameters: 0.999951 0.00409728 -0.00894819 -0.00406671 0.999986 0.00340055 0.0089618 -0.00336344 0.999954 0.160454 -0.140372 -0.152389
FixedParameters: 0 0 0

#Transform 95
Transform: AffineTransform_float_3_3
Parameters: 0.999949 0.00391809 -0.00923856 -0.00389092 0.999988 0.0029471 0.00924944 -0.00291191 0.999953 0.189426 -0.164645 -0.274985
FixedParameters: 0 0 0

#Transform 96
Transform: AffineTransform_float_3_3
Parameters: 0.99993 0.00447634 -0.010903 -0.00444665 0.999987 0.00271467 0.010915 -0.00266533 0.999937 0.205765 -0.18182 -0.40276
FixedParameters: 0 0 0

#Transform 97
Transform: AffineTransform_float_3_3
Parameters: 0.99989 0.00557326 -0.0137298 -0.00555274 0.999984 0.0015134 0.0137382 -0.00143659 0.999904 0.300912 -0.132604 -0.485158
FixedParameters: 0 0 0

#Transform 98
Transform: AffineTransform_float_3_3
Parameters: 0.99989 0.00596189 -0.0135274 -0.00594709 0.999981 0.00114157 0.0135335 -0.00106043 0.999908 0.280329 -0.0968882 -0.471776
FixedParameters: 0 0 0

#Transform 99
Transform: AffineTransform_float_3_3
Parameters: 0.99991 0.00604803 -0.0120285 -0.00603698 0.999982 0.000952702 0.0120335 -0.000880301 0.999927 0.176834 -0.002186 -0.366283
FixedParameters: 0 0 0

#Transform 100
Transform: AffineTransform_float_3_3
Parameters: 0.999942 0.00448997 -0.00986032 -0.00446203 0.999986 0.00285717 0.0098737 -0.00281283 0.999948 0.194473 -0.193601 -0.0834253
FixedParameters: 0 0 0

#Transform 101
Transform: AffineTransform_float_3_3
Parameters: 0.999929 0.00434375 -0.0111158 -0.00431426 0.999988 0.00260814 0.0111272 -0.00256085 0.999935 0.259351 -0.113713 -0.267925
FixedParameters: 0 0 0

#Transform 102
Transform: AffineTransform_float_3_3
Parameters: 0.999903 0.00472927 -0.0131461 -0.00468174 0.999983 0.0036239 0.0131629 -0.0035621 0.999907 0.328887 -0.180802 -0.37115
FixedParameters: 0 0 0

#Transform 103
Transform: AffineTransform_float_3_3
Parameters: 0.999916 0.00469109 -0.0121379 -0.00467091 0.999987 0.00176484 0.0121461 -0.00170816 0.999925 0.293482 -0.0555588 -0.391568
FixedParameters: 0 0 0

#Transform 104
Transform: AffineTransform_float_3_3
Parameters: 0.99995 0.00433375 -0.00900528 -0.00432625 0.999991 0.000880003 0.00900873 -0.000841001 0.999959 0.2117 0.0122049 -0.121376
FixedParameters: 0 0 0

#Transform 105
Transform: AffineTransform_float_3_3
Parameters: 0.999983 0.00287103 -0.00495321 -0.00287997 0.999994 -0.00180477 0.00494779 0.00181924 0.999986 0.079804 0.0967007 -0.0385739
FixedParameters: 0 0 0

#Transform 106
Transform: AffineTransform_float_3_3
Parameters: 0.999972 0.00369962 -0.00648136 -0.00370139 0.999993 -0.00035602 0.00648064 0.000379986 0.999979 0.129616 0.0367318 -0.0486464
FixedParameters: 0 0 0

#Transform 107
Transform: AffineTransform_float_3_3
Parameters: 0.999954 0.00370233 -0.00887186 -0.00370167 0.999993 5.38432e-05 0.00887213 -2.11534e-05 0.99996 0.207605 0.046265 -0.303949
FixedParameters: 0 0 0

#Transform 108
Transform: AffineTransform_float_3_3
Parameters: 0.999955 0.00425976 -0.00849762 -0.00425724 0.999991 0.000342192 0.00849938 -0.000306808 0.999964 0.186951 0.0642977 -0.0768631
FixedParameters: 0 0 0

#Transform 109
Transform: AffineTransform_float_3_3
Parameters: 0.999953 0.00426349 -0.00862522 -0.0042675 0.999991 -0.000504215 0.00862277 0.000540788 0.999962 0.182107 0.0115978 -0.235422
FixedParameters: 0 0 0

#Transform 110
Transform: AffineTransform_float_3_3
Parameters: 0.999945 0.00446805 -0.00941287 -0.00447194 0.99999 -0.000397928 0.00941112 0.000440073 0.999955 0.21221 0.00361343 -0.276964
FixedParameters: 0 0 0

#Transform 111
Transform: AffineTransform_float_3_3
Parameters: 0.999954 0.00408707 -0.0087055 -0.00410293 0.99999 -0.00181237 0.0086985 0.00184864 0.999961 0.19686 0.118105 -0.307033
FixedParameters: 0 0 0

#Transform 112
Transform: AffineTransform_float_3_3
Parameters: 0.999947 0.00448136 -0.00920839 -0.00444564 0.999983 0.00396515 0.0092256 -0.00392386 0.999949 0.239558 -0.283406 0.124326
FixedParameters: 0 0 0

#Transform 113
Transform: AffineTransform_float_3_3
Parameters: 0.999953 0.00454721 -0.00851496 -0.00453379 0.999989 0.00156968 0.00852204 -0.00153132 0.999963 0.182831 -0.0801455 -0.0374745
FixedParameters: 0 0 0

#Transform 114
Transform: AffineTransform_float_3_3
Parameters: 0.999974 0.00375682 -0.00623933 -0.00376418 0.999993 -0.00113954 0.00623467 0.00116345 0.99998 0.125712 0.124915 0.00599187
FixedParameters: 0 0 0

#Transform 115
Transform: AffineTransform_float_3_3
Parameters: 0.999957 0.00415643 -0.00835378 -0.00416557 0.99999 -0.00112825 0.00834824 0.00116275 0.999965 0.162709 0.0834998 -0.250683
FixedParameters: 0 0 0

#Transform 116
Transform: AffineTransform_float_3_3
Parameters: 0.999957 0.00449763 -0.00819611 -0.00451638 0.999988 -0.00222508 0.00818589 0.00226192 0.999964 0.147324 0.140277 -0.267025
FixedParameters: 0 0 0

#Transform 117
Transform: AffineTransform_float_3_3
Parameters: 0.999961 0.00424143 -0.0077442 -0.00425957 0.999988 -0.00238311 0.0077348 0.0024159 0.999967 0.121559 0.175766 -0.2741
FixedParameters: 0 0 0

#Transform 118
Transform: AffineTransform_float_3_3
Parameters: 0.99996 0.0042113 -0.00797616 -0.00423771 0.999986 -0.00333434 0.00796184 0.00336767 0.999962 0.137936 0.173397 -0.351935
FixedParameters: 0 0 0

#Transform 119
Transform: AffineTransform_float_3_3
Parameters: 0.99995 0.00452733 -0.00883665 -0.00454967 0.999987 -0.00254692 0.00882434 0.00258708 0.999957 0.14909 0.0817611 -0.375106
FixedParameters: 0 0 0

#Transform 120
Transform: AffineTransform_float_3_3
Parameters: 0.999948 0.00469501 -0.00907073 -0.00470799 0.999988 -0.00141137 0.00906426 0.00145363 0.999958 0.162092 0.0857262 -0.333865
FixedParameters: 0 0 0

#Transform 121
Transform: AffineTransform_float_3_3
Parameters: 0.999936 0.00519879 -0.01003 -0.00521821 0.999984 -0.00188978 0.01002 0.00194221 0.999948 0.190796 0.112704 -0.376606
FixedParameters: 0 0 0

#Transform 122
Transform: AffineTransform_float_3_3
Parameters: 0.999928 0.00539419 -0.0107864 -0.00541181 0.999984 -0.00152974 0.0107786 0.00158826 0.99994 0.223764 0.0580168 -0.365885
FixedParameters: 0 0 0

#Transform 123
Transform: AffineTransform_float_3_3
Parameters: 0.999929 0.00529719 -0.0106639 -0.00532181 0.999984 -0.00220541 0.0106511 0.00226258 0.99994 0.209322 0.163824 -0.401188
FixedParameters: 0 0 0

#Transform 124
Transform: AffineTransform_float_3_3
Parameters: 0.999928 0.0049934 -0.0108614 -0.0049896 0.999988 0.000340219 0.0108636 -0.000285774 0.999941 0.247759 -0.0509227 -0.314656
FixedParameters: 0 0 0

#Transform 125
Transform: AffineTransform_float_3_3
Parameters: 0.999932 0.0047049 -0.0106709 -0.0047161 0.999989 -0.00101474 0.0106661 0.00106526 0.999942 0.238544 0.12669 -0.386674
FixedParameters: 0 0 0

#Transform 126
Transform: AffineTransform_float_3_3
Parameters: 0.999938 0.0045926 -0.0101392 -0.00459339 0.99999 -1.54277e-05 0.0101388 6.25674e-05 0.999948 0.225407 -0.00646309 -0.204489
FixedParameters: 0 0 0

#Transform 127
Transform: AffineTransform_float_3_3
Parameters: 0.999932 0.00528916 -0.0103906 -0.00534283 0.999972 -0.00515983 0.0103634 0.00521516 0.999932 0.221923 0.340247 -0.488647
FixedParameters: 0 0 0

#Transform 128
Transform: AffineTransform_float_3_3
Parameters: 0.999947 0.00507273 -0.00902419 -0.00511228 0.999978 -0.0043341 0.00900181 0.0043799 0.99995 0.14991 0.211574 -0.415515
FixedParameters: 0 0 0

#Transform 129
Transform: AffineTransform_float_3_3
Parameters: 0.999936 0.00507636 -0.010093 -0.00511163 0.999981 -0.00350763 0.010075 0.00355937 0.999943 0.187654 0.193826 -0.417925
FixedParameters: 0 0 0

#Transform 130
Transform: AffineTransform_float_3_3
Parameters: 0.999936 0.00508023 -0.0100911 -0.00511178 0.999982 -0.00312562 0.0100749 0.00317639 0.999944 0.186811 0.17859 -0.341638
FixedParameters: 0 0 0

#Transform 131
Transform: AffineTransform_float_3_3
Parameters: 0.999934 0.00539332 -0.0100802 -0.00541567 0.999983 -0.00222355 0.0100678 0.00227845 0.999946 0.180673 0.191153 -0.309251
FixedParameters: 0 0 0

#Transform 132
Transform: AffineTransform_float_3_3
Parameters: 0.999952 0.00435498 -0.0087595 -0.00435601 0.99999 -9.6848e-05 0.00875849 0.000135149 0.999961 0.157285 0.00609882 -0.27848
FixedParameters: 0 0 0

#Transform 133
Transform: AffineTransform_float_3_3
Parameters: 0.999948 0.00483849 -0.00904456 -0.00484751 0.999988 -0.000919204 0.00904044 0.000962792 0.999958 0.155121 0.0520616 -0.322797
FixedParameters: 0 0 0

#Transform 134
Transform: AffineTransform_float_3_3
Parameters: 0.999942 0.00450324 -0.00979449 -0.00451277 0.99999 -0.000975856 0.0097895 0.00101914 0.999951 0.20512 0.0696949 -0.332926
FixedParameters: 0 0 0

#Transform 135
Transform: AffineTransform_float_3_3
Parameters: 0.999928 0.00456516 -0.011154 -0.00457484 0.999989 -0.000857034 0.01115 0.000907967 0.999937 0.278773 0.0453371 -0.361926
FixedParameters: 0 0 0

#Transform 136
Transform: AffineTransform_float_3_3
Parameters: 0.999962 0.00364462 -0.00791685 -0.00369638 0.999972 -0.00648498 0.00789314 0.00651401 0.999947 0.176047 0.457153 -0.442554
FixedParameters: 0 0 0

#Transform 137
Transform: AffineTransform_float_3_3
Parameters: 0.999971 0.00401312 -0.00647315 -0.00407389 0.999948 -0.0094209 0.00643485 0.0094461 0.999934 0.123222 0.526559 -0.547985
FixedParameters: 0 0 0

#Transform 138
Transform: AffineTransform_float_3_3
Parameters: 0.999971 0.00403711 -0.00642135 -0.0040739 0.999975 -0.00574301 0.00639866 0.005769 0.999963 0.124554 0.294603 -0.350802
FixedParameters: 0 0 0

#Transform 139
Transform: AffineTransform_float_3_3
Parameters: 0.999962 0.00401689 -0.00774588 -0.00407411 0.999964 -0.00737172 0.00771611 0.00740227 0.999943 0.17636 0.48591 -0.563394
FixedParameters: 0 0 0

#Transform 140
Transform: AffineTransform_float_3_3
Parameters: 0.999958 0.0040098 -0.00819073 -0.00407419 0.999961 -0.00783595 0.00815925 0.00786904 0.999936 0.164975 0.41664 -0.671617
FixedParameters: 0 0 0

#Transform 141
Transform: AffineTransform_float_3_3
Parameters: 0.999957 0.00400144 -0.00838004 -0.00407357 0.999954 -0.00866024 0.00834497 0.00869377 0.999928 0.190787 0.471937 -0.640994
FixedParameters: 0 0 0

#Transform 142
Transform: AffineTransform_float_3_3
Parameters: 0.999961 0.00436251 -0.00768978 -0.00442549 0.999957 -0.00812828 0.0076542 0.00816171 0.999937 0.152545 0.435642 -0.449403
FixedParameters: 0 0 0

#Transform 143
Transform: AffineTransform_float_3_3
Parameters: 0.999964 0.00400597 -0.00755248 -0.00407403 0.999951 -0.00901456 0.00751552 0.00904444 0.999931 0.154414 0.495427 -0.60488
FixedParameters: 0 0 0

#Transform 144
Transform: AffineTransform_float_3_3
Parameters: 0.999964 0.00400654 -0.00748949 -0.00407446 0.999951 -0.00901481 0.00745252 0.00904419 0.999932 0.147433 0.462604 -0.609625
FixedParameters: 0 0 0

#Transform 145
Transform: AffineTransform_float_3_3
Parameters: 0.999958 0.00400228 -0.00827408 -0.00407372 0.999954 -0.00866966 0.00823893 0.00870234 0.999928 0.164991 0.511522 -0.624442
FixedParameters: 0 0 0

#Transform 146
Transform: AffineTransform_float_3_3
Parameters: 0.999967 0.0044659 -0.00681676 -0.0045111 0.999968 -0.00661447 0.00678724 0.00664553 0.999955 0.0930243 0.367029 -0.281422
FixedParameters: 0 0 0

#Transform 147
Transform: AffineTransform_float_3_3
Parameters: 0.999965 0.00427868 -0.00726734 -0.00430831 0.999982 -0.00402283 0.00724966 0.00405416 0.999965 0.136464 0.243731 -0.191742
FixedParameters: 0 0 0

#Transform 148
Transform: AffineTransform_float_3_3
Parameters: 0.999956 0.00444743 -0.00824904 -0.00451057 0.999961 -0.00758213 0.00821496 0.00761887 0.999937 0.161492 0.450967 -0.490972
FixedParameters: 0 0 0

#Transform 149
Transform: AffineTransform_float_3_3
Parameters: 0.999946 0.00457121 -0.00925529 -0.00463978 0.999961 -0.00742445 0.0092207 0.00746654 0.999929 0.203437 0.387252 -0.552612
FixedParameters: 0 0 0

#Transform 150
Transform: AffineTransform_float_3_3
Parameters: 0.999944 0.00468849 -0.0094164 -0.00475252 0.999966 -0.00684063 0.00938461 0.00688438 0.999933 0.18457 0.394208 -0.471721
FixedParameters: 0 0 0

#Transform 151
Transform: AffineTransform_float_3_3
Parameters: 0.999918 0.00607773 -0.0112886 -0.00605126 0.999979 0.00240151 0.0113034 -0.00233249 0.999934 0.242358 -0.158232 0.0135707
FixedParameters: 0 0 0

#Transform 152
Transform: AffineTransform_float_3_3
Parameters: 0.999956 0.00444863 -0.00832211 -0.00451038 0.999962 -0.00737079 0.00828991 0.00740721 0.999938 0.160707 0.469916 -0.510067
FixedParameters: 0 0 0

#Transform 153
Transform: AffineTransform_float_3_3
Parameters: 0.999948 0.0047104 -0.00911777 -0.00477861 0.999961 -0.00751683 0.00908224 0.00756018 0.99993 0.178774 0.400675 -0.543783
FixedParameters: 0 0 0

#Transform 154
Transform: AffineTransform_float_3_3
Parameters: 0.999951 0.00486927 -0.00861054 -0.00494273 0.999952 -0.00844586 0.00856846 0.00848814 0.999928 0.146104 0.474626 -0.519724
FixedParameters: 0 0 0

#Transform 155
Transform: AffineTransform_float_3_3
Parameters: 0.999952 0.00460391 -0.00872177 -0.00465809 0.99997 -0.00619167 0.00869323 0.00623232 0.999943 0.152194 0.366541 -0.418645
FixedParameters: 0 0 0

#Transform 156
Transform: AffineTransform_float_3_3
Parameters: 0.999974 0.00402244 -0.00602407 -0.00407357 0.999957 -0.00840568 0.00598992 0.00842931 0.999946 0.0823574 0.536742 -0.618924
FixedParameters: 0 0 0

#Transform 157
Transform: AffineTransform_float_3_3
Parameters: 0.999985 0.00216652 -0.00498336 -0.00221548 0.99995 -0.00974211 0.00496264 0.0097539 0.99994 0.0899291 0.537085 -0.567601
FixedParameters: 0 0 0

#Transform 158
Transform: AffineTransform_float_3_3
Parameters: 0.999981 0.00243254 -0.0055707 -0.00244145 0.999996 -0.00151143 0.0055673 0.00152557 0.999984 0.0968866 0.0385327 -0.131957
FixedParameters: 0 0 0

#Transform 159
Transform: AffineTransform_float_3_3
Parameters: 0.999981 0.00233915 -0.00574261 -0.00234785 0.999996 -0.00153455 0.00573939 0.00154846 0.999983 0.114854 0.0915805 -0.242513
FixedParameters: 0 0 0

#Transform 160
Transform: AffineTransform_float_3_3
Parameters: 0.999974 0.00291637 -0.00669547 -0.00293763 0.99999 -0.00322242 0.00668654 0.00324259 0.999973 0.134933 0.207984 -0.398705
FixedParameters: 0 0 0

#Transform 161
Transform: AffineTransform_float_3_3
Parameters: 0.999967 0.00330266 -0.00744213 -0.00334033 0.999981 -0.00514431 0.00742487 0.00516969 0.999959 0.149044 0.257812 -0.463224
FixedParameters: 0 0 0

#Transform 162
Transform: AffineTransform_float_3_3
Parameters: 0.999958 0.00361009 -0.0083362 -0.00366991 0.999967 -0.0071827 0.0083098 0.0072123 0.99994 0.173738 0.397353 -0.624994
FixedParameters: 0 0 0

#Transform 163
Transform: AffineTransform_float_3_3
Parameters: 0.999958 0.00396882 -0.00823374 -0.00403419 0.999961 -0.00791512 0.00820226 0.00794789 0.999935 0.150818 0.421915 -0.622845
FixedParameters: 0 0 0

#Transform 164
Transform: AffineTransform_float_3_3
Parameters: 0.999956 0.003699 -0.00864622 -0.00376201 0.999967 -0.0072818 0.00861977 0.00731421 0.999936 0.165358 0.397043 -0.599329
FixedParameters: 0 0 0

#Transform 165
Transform: AffineTransform_float_3_3
Parameters: 0.999947 0.00394751 -0.0094938 -0.00400849 0.999971 -0.00646629 0.0094682 0.00650472 0.999934 0.199414 0.302631 -0.589465
FixedParameters: 0 0 0

#Transform 166
Transform: AffineTransform_float_3_3
Parameters: 0.999968 0.00327845 -0.00719809 -0.00333354 0.999965 -0.00757824 0.0071729 0.00760275 0.999946 0.133084 0.403359 -0.409918
FixedParameters: 0 0 0

#Transform 167
Transform: AffineTransform_float_3_3
Parameters: 0.99998 0.003185 -0.00557248 -0.00322401 0.999971 -0.00700518 0.00555053 0.00702282 0.99996 0.125892 0.443292 -0.229518
FixedParameters: 0 0 0

#Transform 168
Transform: AffineTransform_float_3_3
Parameters: 0.999982 0.00302047 -0.00529416 -0.00307153 0.999949 -0.00956291 0.00526485 0.00957908 0.999941 0.0853648 0.596247 -0.517189
FixedParameters: 0 0 0

#Transform 169
Transform: AffineTransform_float_3_3
Parameters: 0.999965 0.00395148 -0.0074454 -0.00402252 0.999945 -0.00961539 0.00740661 0.00964561 0.999926 0.129373 0.550844 -0.655495
FixedParameters: 0 0 0

#Transform 170
Transform: AffineTransform_float_3_3
Parameters: 0.999951 0.00438219 -0.00881611 -0.00445982 0.999951 -0.00882611 0.00877789 0.0088649 0.999922 0.185376 0.467242 -0.638463
FixedParameters: 0 0 0

#Transform 171
Transform: AffineTransform_float_3_3
Parameters: 0.999944 0.0045772 -0.00956397 -0.00466979 0.999942 -0.00970289 0.00951903 0.00974712 0.999907 0.202491 0.551815 -0.75415
FixedParameters: 0 0 0

#Transform 172
Transform: AffineTransform_float_3_3
Parameters: 0.999947 0.00511321 -0.00900228 -0.00514679 0.99998 -0.00373387 0.00898273 0.00378013 0.999953 0.179604 0.207316 -0.185918
FixedParameters: 0 0 0

#Transform 173
Transform: AffineTransform_float_3_3
Parameters: 0.999938 0.00546504 -0.0097745 -0.00552097 0.999969 -0.0057074 0.0097435 0.00576161 0.999936 0.189494 0.337071 -0.401295
FixedParameters: 0 0 0

#Transform 174
Transform: AffineTransform_float_3_3
Parameters: 0.999942 0.00502612 -0.00944697 -0.00509588 0.999961 -0.00728128 0.00941002 0.00732872 0.999929 0.168515 0.436235 -0.484145
FixedParameters: 0 0 0

#Transform 175
Transform: AffineTransform_float_3_3
Parameters: 0.999935 0.00499743 -0.0103174 -0.00507957 0.999955 -0.00799212 0.0102766 0.00804489 0.999915 0.226087 0.450393 -0.609332
FixedParameters: 0 0 0

#Transform 176
Transform: AffineTransform_float_3_3
Parameters: 0.999926 0.00511443 -0.0109807 -0.00520155 0.999955 -0.00786845 0.0109393 0.00792552 0.999909 0.251944 0.42305 -0.613819
FixedParameters: 0 0 0

#Transform 177
Transform: AffineTransform_float_3_3
Parameters: 0.999945 0.00459952 -0.00948996 -0.00467448 0.999957 -0.00794708 0.00945306 0.00799092 0.999924 0.204925 0.46052 -0.557326
FixedParameters: 0 0 0

#Transform 178
Transform: AffineTransform_float_3_3
Parameters: 0.999958 0.00436571 -0.00807581 -0.00439328 0.999984 -0.00336366 0.00806119 0.00339933 0.999961 0.177324 0.165451 -0.123672
FixedParameters: 0 0 0

#Transform 179
Transform: AffineTransform_float_3_3
Parameters: 0.999978 0.00301478 -0.00601817 -0.00303322 0.999991 -0.00302081 0.00600884 0.00303918 0.999978 0.133635 0.189845 0.015272
FixedParameters: 0 0 0

#Transform 180
Transform: AffineTransform_float_3_3
Parameters: 0.999957 0.00396866 -0.00830446 -0.00400534 0.999983 -0.00436392 0.00828653 0.00439707 0.999956 0.172976 0.368054 -0.367143
FixedParameters: 0 0 0

#Transform 181
Transform: AffineTransform_float_3_3
Parameters: 0.999947 0.00395303 -0.00948682 -0.00400497 0.999977 -0.00546529 0.00946418 0.0055037 0.99994 0.204669 0.333832 -0.540462
FixedParameters: 0 0 0

#Transform 182
Transform: AffineTransform_float_3_3
Parameters: 0.99994 0.00452563 -0.0100322 -0.00459238 0.999967 -0.00660333 0.0100018 0.00664866 0.999928 0.215393 0.365542 -0.575901
FixedParameters: 0 0 0

#Transform 183
Transform: AffineTransform_float_3_3
Parameters: 0.999935 0.00503307 -0.0102496 -0.00510494 0.999963 -0.00700414 0.0102144 0.00705587 0.999923 0.202788 0.410685 -0.591985
FixedParameters: 0 0 0

#Transform 184
Transform: AffineTransform_float_3_3
Parameters: 0.999926 0.00529508 -0.0109684 -0.00537591 0.999959 -0.00736058 0.0109286 0.00741942 0.999913 0.239542 0.419938 -0.601411
FixedParameters: 0 0 0

#Transform 185
Transform: AffineTransform_float_3_3
Parameters: 0.999931 0.00519461 -0.010534 -0.0052734 0.999959 -0.00742797 0.010495 0.00748304 0.999917 0.213241 0.411658 -0.556356
FixedParameters: 0 0 0

#Transform 186
Transform: AffineTransform_float_3_3
Parameters: 0.999947 0.00483987 -0.00914937 -0.00490814 0.999961 -0.0074385 0.00911364 0.00748352 0.999931 0.169158 0.464909 -0.398962
FixedParameters: 0 0 0

#Transform 187
Transform: AffineTransform_float_3_3
Parameters: 0.999944 0.00466117 -0.00951004 -0.00473182 0.999961 -0.00743842 0.00947496 0.00748359 0.999927 0.207538 0.441371 -0.467991
FixedParameters: 0 0 0

#Transform 188
Transform: AffineTransform_float_3_3
Parameters: 0.999942 0.0046602 -0.00971675 -0.00473179 0.999961 -0.00737844 0.00968224 0.00742455 0.999925 0.210141 0.437766 -0.511101
FixedParameters: 0 0 0

#Transform 189
Transform: AffineTransform_float_3_3
Parameters: 0.999935 0.00508819 -0.0101888 -0.00516882 0.999956 -0.00792085 0.0101482 0.00797315 0.999916 0.205615 0.46525 -0.553687
FixedParameters: 0 0 0

#Transform 190
Transform: AffineTransform_float_3_3
