#Insight Transform File V1.0
#Transform 0
Transform: AffineTransform_float_3_3
Parameters: 1 -8.91066e-05 0.000170953 8.28919e-05 0.999374 0.035394 -0.000174043 -0.035394 0.999374 -0.140035 -1.06398 1.98174
FixedParameters: 0 0 0

#Transform 1
Transform: AffineTransform_float_3_3
Parameters: 0.999999 0.000485973 0.000618946 -0.000508028 0.999348 0.0360987 -0.000601052 -0.0360993 0.999348 -0.195568 -1.06495 1.96725
FixedParameters: 0 0 0

#Transform 2
Transform: AffineTransform_float_3_3
Parameters: 1 0.000194983 0.000504906 -0.00021202 0.999425 0.0339259 -0.000498094 -0.0339261 0.999424 -0.160881 -0.966082 1.88156
FixedParameters: 0 0 0

#Transform 3
Transform: AffineTransform_float_3_3
Parameters: 0.999999 0.000548394 -0.00133119 -0.000481615 0.998743 0.0501097 0.00135684 -0.0501093 0.998743 -0.216292 -1.16723 2.87047
FixedParameters: 0 0 0

#Transform 4
Transform: AffineTransform_float_3_3
Parameters: 0.999997 -0.000538016 -0.00214224 0.000598976 0.999591 0.0285688 0.00212575 -0.0285702 0.999589 -0.0539278 -1.0482 1.91023
FixedParameters: 0 0 0

#Transform 5
Transform: AffineTransform_float_3_3
Parameters: 0.999995 -0.00287042 -0.000827086 0.00286858 0.999995 -0.00171338 0.000831911 0.00171062 0.999998 0.0106906 -0.0969423 0.484768
FixedParameters: 0 0 0

#Transform 6
Transform: AffineTransform_float_3_3
Parameters: 0.999998 -0.00189721 0.000195958 0.00189679 0.999997 0.00107637 -0.000198043 -0.00107663 1 -0.0417778 -0.180899 0.668396
FixedParameters: 0 0 0

#Transform 7
Transform: AffineTransform_float_3_3
Parameters: 0.999999 -0.000765516 -0.000270242 0.000767483 0.999985 0.00553579 0.000265755 -0.00553621 0.999984 -0.0843617 -0.279161 0.867583
FixedParameters: 0 0 0

#Transform 8
Transform: AffineTransform_float_3_3
Parameters: 0.999994 -0.00282005 -0.00175005 0.00283295 0.999969 0.00744408 0.00172895 -0.00744892 0.999971 0.0472506 -0.356372 0.860984
FixedParameters: 0 0 0

#Transform 9
Transform: AffineTransform_float_3_3
Parameters: 0.999968 -0.00539083 -0.0059202 0.00545317 0.999929 0.010534 0.00586379 -0.0105669 0.999927 0.342034 -0.414208 0.805781
FixedParameters: 0 0 0

#Transform 10
Transform: AffineTransform_float_3_3
Parameters: 0.999981 0.00262852 0.00548059 -0.00266847 0.999969 0.00739151 -0.0054604 -0.00740649 0.999957 -0.345726 -0.365585 0.801591
FixedParameters: 0 0 0

#Transform 11
Transform: AffineTransform_float_3_3
Parameters: 0.999992 0.0018586 0.00368383 -0.0018754 0.999987 0.00472513 -0.00367518 -0.00473187 0.999982 -0.241031 -0.276431 0.675766
FixedParameters: 0 0 0

#Transform 12
Transform: AffineTransform_float_3_3
Parameters: 0.999991 0.0017146 0.00368315 -0.0017314 0.999988 0.00472566 -0.00367485 -0.00473234 0.999982 -0.23776 -0.314522 0.736441
FixedParameters: 0 0 0

#Transform 13
Transform: AffineTransform_float_3_3
Parameters: 0.999994 0.00117874 0.00324385 -0.00119226 0.999991 0.00408916 -0.00323915 -0.00409284 0.999987 -0.212929 -0.241593 0.608887
FixedParameters: 0 0 0

#Transform 14
Transform: AffineTransform_float_3_3
Parameters: 0.999995 0.000890202 0.00307688 -0.000916796 0.999961 0.00871822 -0.00306912 -0.00872178 0.999958 -0.214232 -0.392748 0.924459
FixedParameters: 0 0 0

#Transform 15
Transform: AffineTransform_float_3_3
Parameters: 0.999993 0.00123379 0.00368286 -0.00125722 0.99998 0.00630742 -0.00367514 -0.00631159 0.999974 -0.238018 -0.312842 0.794043
FixedParameters: 0 0 0

#Transform 16
Transform: AffineTransform_float_3_3
Parameters: 0.99999 0.00219133 0.00392817 -0.00219767 0.999997 0.00143938 -0.00392483 -0.00144862 0.999991 -0.233511 -0.425683 0.231997
FixedParameters: 0 0 0

#Transform 17
Transform: AffineTransform_float_3_3
Parameters: 0.999997 0.00155956 0.00159539 -0.00156144 0.999997 0.00153151 -0.00159261 -0.00153349 0.999997 -0.0971249 -0.164038 -0.0634509
FixedParameters: 0 0 0

#Transform 18
Transform: AffineTransform_float_3_3
Parameters: 0.999999 0.00158016 0.000915181 -0.00158184 0.999996 0.00201155 -0.000911818 -0.00201344 0.999997 -0.070108 -0.223327 -0.00543339
FixedParameters: 0 0 0

#Transform 19
Transform: AffineTransform_float_3_3
Parameters: 0.999999 0.000714469 0.000428885 -0.000714531 0.999999 0.00123869 -0.000428115 -0.00123931 0.999999 -0.00874394 -0.19206 -0.108541
FixedParameters: 0 0 0

#Transform 20
Transform: AffineTransform_float_3_3
Parameters: 1 0.000695965 0.00010423 -0.000696034 0.999999 0.000329927 -0.00010377 -0.000330072 1 -0.0117009 0.0477846 0.00687064
FixedParameters: 0 0 0

#Transform 21
Transform: AffineTransform_float_3_3
Parameters: 1 -1.40219e-05 -0.000546999 1.39781e-05 1 -4.00076e-05 0.000547 3.99923e-05 1 -0.0270222 -0.143073 -0.0794519
FixedParameters: 0 0 0

#Transform 22
Transform: AffineTransform_float_3_3
Parameters: 0.999999 0.000883939 0.000338557 -0.000883061 0.999996 -0.0027653 -0.000340443 0.0027647 0.999996 -0.0344545 -0.17662 0.000847847
FixedParameters: 0 0 0

#Transform 23
Transform: AffineTransform_float_3_3
Parameters: 0.999997 0.000142377 0.00251002 -0.000124623 0.999973 -0.00732034 -0.00251098 0.00731967 0.99997 -0.136645 -0.041587 0.0267561
FixedParameters: 0 0 0

#Transform 24
Transform: AffineTransform_float_3_3
Parameters: 1 -0.000873623 0.000727115 0.000867377 0.999958 0.00906063 -0.000734888 -0.00905936 0.999958 -0.139824 -0.431997 0.770831
FixedParameters: 0 0 0

#Transform 25
Transform: AffineTransform_float_3_3
Parameters: 0.999979 -0.00501124 0.00411314 0.00506775 0.99989 -0.0139064 -0.00404286 0.0139275 0.999895 0.263884 -0.217042 -1.33567
FixedParameters: 0 0 0

#Transform 26
Transform: AffineTransform_float_3_3
Parameters: 0.999533 -0.0228945 0.020213 0.0254694 0.990107 -0.137984 -0.0168539 0.138433 0.990229 0.847428 3.37978 -9.39855
FixedParameters: 0 0 0

#Transform 27
Transform: AffineTransform_float_3_3
Parameters: 0.999982 -0.00575163 -0.00182971 0.00576136 0.99997 0.00515555 0.00179929 -0.00516544 0.999985 0.0650761 -0.838646 0.153115
FixedParameters: 0 0 0

#Transform 28
Transform: AffineTransform_float_3_3
Parameters: 0.999989 -0.00384744 -0.00260662 0.00386356 0.999972 0.00638 0.00258138 -0.00639 0.999977 0.0129347 -0.369884 0.40603
FixedParameters: 0 0 0

#Transform 29
Transform: AffineTransform_float_3_3
Parameters: 0.999995 -0.00272423 -0.00163501 0.00273277 0.999985 0.00476656 0.00162199 -0.00477144 0.999988 -0.0602522 -0.370694 0.363796
FixedParameters: 0 0 0

#Transform 30
Transform: AffineTransform_float_3_3
Parameters: 0.999996 -0.00274219 -0.000742011 0.00274281 0.999995 0.00109697 0.000738989 -0.00109903 0.999999 -0.0624755 -0.297906 0.27257
FixedParameters: 0 0 0

#Transform 31
Transform: AffineTransform_float_3_3
Parameters: 0.999997 -0.002398 -6.39571e-06 0.002398 0.999997 -0.000669017 7.60424e-06 0.000668983 1 -0.089158 -0.233888 0.189821
FixedParameters: 0 0 0

#Transform 32
Transform: AffineTransform_float_3_3
Parameters: 0.999996 -0.00258998 1.56728e-05 0.00259001 0.999996 -0.00103196 -1.33271e-05 0.00103204 1 -0.0768531 -0.235182 0.111261
FixedParameters: 0 0 0

#Transform 33
Transform: AffineTransform_float_3_3
Parameters: 0.999997 -0.00240098 0.000223243 0.00240202 0.999986 -0.00468148 -0.000211758 0.00468152 0.999989 -0.0613362 -0.137174 -0.125832
FixedParameters: 0 0 0

#Transform 34
Transform: AffineTransform_float_3_3
Parameters: 0.999997 -0.0026274 0.000502226 0.0026306 0.99997 -0.0073117 -0.000482776 0.00731329 0.999973 -0.0585853 -0.0791233 -0.220176
FixedParameters: 0 0 0

#Transform 35
Transform: AffineTransform_float_3_3
Parameters: 0.999997 -0.00257482 0.000629814 0.00258118 0.999946 -0.0100124 -0.000604183 0.0100146 0.999949 -0.0749498 0.0394366 -0.267437
FixedParameters: 0 0 0

#Transform 36
Transform: AffineTransform_float_3_3
Parameters: 0.999995 -0.00331776 0.000626855 0.00332224 0.999971 -0.00688296 -0.000604144 0.00688504 0.999976 -0.0525892 -0.181116 -0.192218
FixedParameters: 0 0 0

#Transform 37
Transform: AffineTransform_float_3_3
Parameters: 0.999996 -0.00298948 -0.000449414 0.00298551 0.999967 -0.00756038 0.000472585 0.00755962 0.999972 -0.0227215 -0.0783653 -0.256225
FixedParameters: 0 0 0

#Transform 38
Transform: AffineTransform_float_3_3
Parameters: 0.999995 -0.00307115 -0.0013802 0.00306385 0.999982 -0.00515226 0.0013958 0.00514774 0.999986 -0.00553654 -0.149911 -0.142279
FixedParameters: 0 0 0

#Transform 39
Transform: AffineTransform_float_3_3
Parameters: 0.999995 -0.00279475 -0.00103728 0.00279025 0.999985 -0.00455591 0.00104972 0.00455309 0.999989 -0.0315888 -0.135248 -0.0972155
FixedParameters: 0 0 0

#Transform 40
Transform: AffineTransform_float_3_3
Parameters: 0.999997 -0.00250413 -0.000217349 0.00250287 0.999984 -0.00505356 0.000230652 0.00505344 0.999987 -0.0458537 -0.157106 -0.203016
FixedParameters: 0 0 0

#Transform 41
Transform: AffineTransform_float_3_3
Parameters: 0.999996 -0.00258736 -4.32903e-05 0.00258664 0.999973 -0.00684513 6.17068e-05 0.00684486 0.999976 -0.0254069 -0.0866289 -0.248481
FixedParameters: 0 0 0

#Transform 42
Transform: AffineTransform_float_3_3
Parameters: 0.999996 -0.00261248 0.000215348 0.00261453 0.999969 -0.00740346 -0.000196647 0.00740454 0.999972 -0.0220029 -0.100646 -0.169598
FixedParameters: 0 0 0

#Transform 43
Transform: AffineTransform_float_3_3
Parameters: 0.999996 -0.00231888 0.00150781 0.00233112 0.999964 -0.00808651 -0.00148919 0.00809048 0.999966 -0.0695703 -0.076793 -0.111806
FixedParameters: 0 0 0

#Transform 44
Transform: AffineTransform_float_3_3
Parameters: 0.999999 -0.00111215 0.000816 0.00112285 0.99991 -0.0134211 -0.000801 0.0134229 0.999909 -0.0938522 0.284593 -0.384836
FixedParameters: 0 0 0

#Transform 45
Transform: AffineTransform_float_3_3
Parameters: 0.999998 -0.00232533 0.000213858 0.00233068 0.999481 -0.0321446 -0.000139152 0.0321454 0.999483 -0.00149383 0.490785 -1.20782
FixedParameters: 0 0 0

#Transform 46
Transform: AffineTransform_float_3_3
Parameters: 0.999998 -0.00185254 -0.000479963 0.00183946 0.999688 -0.0249319 0.000526024 0.0249311 0.999689 0.0264601 0.236092 -1.03187
FixedParameters: 0 0 0

#Transform 47
Transform: AffineTransform_float_3_3
Parameters: 0.999998 -0.00220857 -0.000704511 0.00218845 0.999607 -0.0279666 0.000765502 0.0279654 0.999608 0.0409424 0.391634 -1.03394
FixedParameters: 0 0 0

#Transform 48
Transform: AffineTransform_float_3_3
Parameters: 0.999996 -0.00263908 -0.000240572 0.0026309 0.999576 -0.0289987 0.000317426 0.0289983 0.99958 0.0343619 0.400488 -1.01248
FixedParameters: 0 0 0

#Transform 49
Transform: AffineTransform_float_3_3
Parameters: 0.999998 -0.00178501 -0.000966442 0.00175901 0.999654 -0.0262708 0.00101256 0.0262693 0.999655 0.0136174 0.313323 -0.826687
FixedParameters: 0 0 0

#Transform 50
Transform: AffineTransform_float_3_3
Parameters: 0.999998 -0.00166794 -0.000924682 0.00164205 0.999624 -0.0273786 0.00097032 0.0273774 0.999624 -0.00115573 0.392634 -0.883528
FixedParameters: 0 0 0

#Transform 51
Transform: AffineTransform_float_3_3
Parameters: 0.999999 -0.00124139 7.69774e-05 0.00124361 0.999647 -0.0265429 -4.40064e-05 0.0265431 0.999647 -0.0542702 0.360466 -0.892452
FixedParameters: 0 0 0

#Transform 52
Transform: AffineTransform_float_3_3
Parameters: 0.999998 -0.00158629 -0.000137077 0.00158171 0.999631 -0.0270902 0.000179916 0.0270907 0.999633 -0.0201494 0.371518 -0.954441
FixedParameters: 0 0 0

#Transform 53
Transform: AffineTransform_float_3_3
Parameters: 0.999999 -0.00156198 -5.16722e-05 0.00156004 0.999631 -0.0271111 9.33286e-05 0.0271109 0.999633 -0.0346297 0.382616 -0.965092
FixedParameters: 0 0 0

#Transform 54
Transform: AffineTransform_float_3_3
Parameters: 0.999998 -0.00197544 -7.7505e-05 0.00197358 0.999708 -0.0240542 0.000124508 0.0240538 0.99971 -0.0293644 0.298683 -0.803653
FixedParameters: 0 0 0

#Transform 55
Transform: AffineTransform_float_3_3
Parameters: 0.999999 -0.000854566 -0.000501411 0.000844442 0.999785 -0.0207084 0.000518598 0.0207076 0.999786 -0.060551 0.232441 -0.751099
FixedParameters: 0 0 0

#Transform 56
Transform: AffineTransform_float_3_3
Parameters: 0.999999 -0.000856411 -0.000304537 0.000849599 0.99979 -0.0204653 0.000321454 0.0204647 0.999791 -0.0620563 0.236823 -0.738378
FixedParameters: 0 0 0

#Transform 57
Transform: AffineTransform_float_3_3
Parameters: 1 -0.000829644 -0.000408913 0.000821356 0.999786 -0.0207013 0.000426095 0.0207017 0.999785 -0.0589881 0.270542 -0.73372
FixedParameters: 0 0 0

#Transform 58
Transform: AffineTransform_float_3_3
Parameters: 0.999999 -0.000736651 -0.000403596 0.000728339 0.999778 -0.0210323 0.000419412 0.0210327 0.999778 -0.0620259 0.244683 -0.665477
FixedParameters: 0 0 0

#Transform 59
Transform: AffineTransform_float_3_3
Parameters: 0.999985 -0.00140824 -0.00542241 0.00144477 0.999977 0.00659727 0.00541358 -0.00660473 0.999963 0.0331077 -0.1476 0.833792
FixedParameters: 0 0 0

#Transform 60
Transform: AffineTransform_float_3_3
Parameters: 0.999992 -0.000862508 -0.00374173 0.000887486 0.999978 0.00654873 0.00373526 -0.00655227 0.999971 -0.0810876 -0.258948 0.793178
FixedParameters: 0 0 0

#Transform 61
Transform: AffineTransform_float_3_3
Parameters: 0.999999 -0.000736803 -0.00116347 0.000727202 0.999971 -0.00754785 0.00116852 0.00754715 0.999971 -0.0886673 0.0832224 -0.0616549
FixedParameters: 0 0 0

#Transform 62
Transform: AffineTransform_float_3_3
Parameters: 0.999998 -0.000326726 -0.0016233 0.000312277 0.999965 -0.00844852 0.0016257 0.00844848 0.999963 -0.0818002 0.163725 -0.137529
FixedParameters: 0 0 0

#Transform 63
Transform: AffineTransform_float_3_3
Parameters: 0.999998 -0.000502215 -0.00160261 0.000487782 0.99996 -0.0088578 0.00160738 0.00885721 0.99996 -0.0764921 0.118412 -0.226952
FixedParameters: 0 0 0

#Transform 64
Transform: AffineTransform_float_3_3
Parameters: 0.999998 -0.000568836 -0.00163993 0.000554163 0.999959 -0.00903292 0.00164507 0.00903208 0.999958 -0.0658279 0.108225 -0.246712
FixedParameters: 0 0 0

#Transform 65
Transform: AffineTransform_float_3_3
Parameters: 0.999999 -0.000400602 -0.00124301 0.000388399 0.999948 -0.0101215 0.001247 0.0101215 0.999948 -0.0854221 0.163905 -0.290991
FixedParameters: 0 0 0

#Transform 66
Transform: AffineTransform_float_3_3
Parameters: 0.999998 -0.000330681 -0.00224146 0.000312313 0.999969 -0.00788472 0.00224453 0.00788328 0.999967 -0.073996 0.0913155 -0.148256
FixedParameters: 0 0 0

#Transform 67
Transform: AffineTransform_float_3_3
Parameters: 0.999999 -0.000328509 -0.00134531 0.000312496 0.999933 -0.0115114 0.00134869 0.0115116 0.999933 -0.0843285 0.138836 -0.374531
FixedParameters: 0 0 0

#Transform 68
Transform: AffineTransform_float_3_3
Parameters: 0.999999 -0.000329471 -0.00134106 0.000312529 0.999924 -0.0122644 0.00134493 0.0122636 0.999924 -0.0811385 0.188631 -0.403044
FixedParameters: 0 0 0

#Transform 69
Transform: AffineTransform_float_3_3
Parameters: 0.999998 -0.000741673 -0.00179662 0.000716324 0.999898 -0.0142473 0.00180739 0.0142467 0.999897 -0.0451864 0.24727 -0.485397
FixedParameters: 0 0 0

#Transform 70
Transform: AffineTransform_float_3_3
Parameters: 0.999998 -0.000416872 -0.00193019 0.000389131 0.999896 -0.0144178 0.00193581 0.0144172 0.999894 -0.0530509 0.232585 -0.490214
FixedParameters: 0 0 0

#Transform 71
Transform: AffineTransform_float_3_3
Parameters: 0.999997 -0.000919583 -0.00236458 0.000887411 0.999905 -0.0137441 0.00237742 0.0137419 0.999902 -0.0169941 0.190859 -0.468957
FixedParameters: 0 0 0

#Transform 72
Transform: AffineTransform_float_3_3
Parameters: 0.999998 -0.000831612 -0.00191919 0.000798391 0.999857 -0.0169316 0.00193279 0.0169294 0.999855 -0.0124191 0.27681 -0.564351
FixedParameters: 0 0 0

#Transform 73
Transform: AffineTransform_float_3_3
Parameters: 0.999987 -0.00292118 -0.00419616 0.00286882 0.999919 -0.0123872 0.00423185 0.0123758 0.999915 0.102892 0.250005 -0.368735
FixedParameters: 0 0 0

#Transform 74
Transform: AffineTransform_float_3_3
Parameters: 0.999974 -0.00436802 -0.00582875 0.00432599 0.999964 -0.0072024 0.00585926 0.0071766 0.999957 0.215661 0.066214 -0.153607
FixedParameters: 0 0 0

#Transform 75
Transform: AffineTransform_float_3_3
Parameters: 0.999959 -0.00649072 -0.00628056 0.00646629 0.999972 -0.00394778 0.00630545 0.00390724 0.999973 0.348695 0.0703598 0.0627976
FixedParameters: 0 0 0

#Transform 76
Transform: AffineTransform_float_3_3
Parameters: 0.999949 -0.00697158 -0.00733164 0.00696741 0.999975 -0.000651116 0.00733536 0.000599891 0.999973 0.392296 -0.0310845 0.173144
FixedParameters: 0 0 0

#Transform 77
Transform: AffineTransform_float_3_3
Parameters: 0.999954 -0.00670094 -0.0069401 0.00670007 0.999977 -0.000157506 0.00694091 0.000111495 0.999976 0.355004 0.104515 0.131616
FixedParameters: 0 0 0

#Transform 78
Transform: AffineTransform_float_3_3
Parameters: 0.999967 -0.00531556 -0.00604312 0.00528544 0.999974 -0.0048971 0.00606887 0.0048649 0.999969 0.279278 0.201853 -0.12291
FixedParameters: 0 0 0

#Transform 79
Transform: AffineTransform_float_3_3
Parameters: 0.999974 -0.00479269 -0.0053756 0.00474631 0.999953 -0.00848173 0.00541539 0.00845526 0.999949 0.281372 0.23783 -0.256112
FixedParameters: 0 0 0

#Transform 80
Transform: AffineTransform_float_3_3
Parameters: 0.999972 -0.00462584 -0.00588579 0.00451316 0.999811 -0.0188751 0.00597219 0.0188479 0.999804 0.294773 0.12791 -1.40357
FixedParameters: 0 0 0

#Transform 81
Transform: AffineTransform_float_3_3
Parameters: 0.999959 -0.00439038 -0.0078957 0.00422161 0.999766 -0.0212172 0.00798729 0.0211828 0.999743 0.364937 0.368468 -2.21101
FixedParameters: 0 0 0

#Transform 82
Transform: AffineTransform_float_3_3
Parameters: 0.999994 -0.00135478 -0.00337823 0.00130722 0.999899 -0.0141055 0.00339677 0.0141005 0.999895 0.0114917 0.256115 -0.576366
FixedParameters: 0 0 0

#Transform 83
Transform: AffineTransform_float_3_3
Parameters: 0.999994 -0.00145123 -0.00292337 0.00141078 0.999905 -0.0137162 0.00294262 0.0137118 0.999901 -0.0074557 0.178147 -0.468527
FixedParameters: 0 0 0

#Transform 84
Transform: AffineTransform_float_3_3
Parameters: 0.999995 -0.00160288 -0.00293048 0.00156112 0.999898 -0.0142377 0.00295353 0.0142334 0.999895 0.0254044 0.19192 -0.487042
FixedParameters: 0 0 0

#Transform 85
Transform: AffineTransform_float_3_3
Parameters: 0.999995 -0.00213826 -0.00231183 0.00209373 0.999817 -0.0189829 0.00235216 0.0189781 0.999817 0.018525 0.347899 -0.626703
FixedParameters: 0 0 0

#Transform 86
Transform: AffineTransform_float_3_3
Parameters: 0.999998 -0.00106031 -0.00171118 0.00103069 0.999855 -0.0170398 0.00172881 0.0170382 0.999854 -0.0487041 0.188829 -0.4317
FixedParameters: 0 0 0

#Transform 87
Transform: AffineTransform_float_3_3
Parameters: 0.999998 -0.00105875 -0.00168286 0.00103127 0.999865 -0.0164048 0.00169915 0.0164032 0.999864 -0.0445697 0.248455 -0.444456
FixedParameters: 0 0 0

#Transform 88
Transform: AffineTransform_float_3_3
Parameters: 0.999998 -0.00117584 -0.0016684 0.00114815 0.999872 -0.0159999 0.00168758 0.015998 0.99987 -0.0339807 0.236196 -0.414718
FixedParameters: 0 0 0

#Transform 89
Transform: AffineTransform_float_3_3
Parameters: 0.999999 -0.000381592 -0.00171138 0.000365412 0.999953 -0.00968464 0.00171462 0.00968436 0.999951 -0.0778449 0.258699 0.0683724
FixedParameters: 0 0 0

#Transform 90
Transform: AffineTransform_float_3_3
Parameters: 0.999939 0.0044283 0.0100702 -0.00509068 0.997756 0.0667638 -0.00975177 -0.0668112 0.997718 -0.333406 -1.59583 4.29705
FixedParameters: 0 0 0

#Transform 91
Transform: AffineTransform_float_3_3
Parameters: 0.999913 -0.000810771 0.0132069 -0.000423772 0.995645 0.0932235 -0.0132251 -0.0932214 0.995557 -0.158874 -2.49963 3.85393
FixedParameters: 0 0 0

#Transform 92
Transform: AffineTransform_float_3_3
Parameters: 0.999959 0.00163566 0.00897882 -0.00215335 0.99832 0.0579141 -0.00886917 -0.0579309 0.998281 -0.253553 -1.67925 2.21608
FixedParameters: 0 0 0

#Transform 93
Transform: AffineTransform_float_3_3
Parameters: 0.999955 0.00287131 0.00911473 -0.00334666 0.99861 0.0526109 -0.00895028 -0.0526391 0.998573 -0.314437 -1.48789 1.88137
FixedParameters: 0 0 0

#Transform 94
Transform: AffineTransform_float_3_3
Parameters: 0.999966 0.00354522 0.00745846 -0.0039318 0.998613 0.0524985 -0.00726255 -0.0525266 0.998593 -0.254468 -1.45108 1.86652
FixedParameters: 0 0 0

#Transform 95
Transform: AffineTransform_float_3_3
Parameters: 0.999968 0.00382121 0.0069453 -0.00419277 0.998523 0.0541816 -0.00672765 -0.0542084 0.998507 -0.281553 -1.43004 1.92631
FixedParameters: 0 0 0

#Transform 96
Transform: AffineTransform_float_3_3
Parameters: 0.999966 0.00408468 0.00725416 -0.00447232 0.99852 0.0542055 -0.00702184 -0.0542356 0.998504 -0.304215 -1.45158 1.96882
FixedParameters: 0 0 0

#Transform 97
Transform: AffineTransform_float_3_3
Parameters: 0.999974 0.00427252 0.00579723 -0.00452252 0.999026 0.0439049 -0.00560479 -0.0439301 0.999019 -0.284445 -1.2858 1.70125
FixedParameters: 0 0 0

#Transform 98
Transform: AffineTransform_float_3_3
Parameters: 0.999979 0.00470828 0.00446992 -0.00482272 0.999656 0.025781 -0.00434706 -0.025802 0.999657 -0.261549 -0.739828 1.07391
FixedParameters: 0 0 0

#Transform 99
Transform: AffineTransform_float_3_3
Parameters: 0.999993 0.00274335 -0.00277243 -0.00270865 0.999921 0.0123186 0.00280657 -0.0123114 0.999921 0.0489613 -0.544429 -0.133281
FixedParameters: 0 0 0

#Transform 100
Transform: AffineTransform_float_3_3
Parameters: 0.999993 0.003279 -0.00211623 -0.00324901 0.999897 0.014027 0.00216178 -0.01402 0.9999 0.00890136 -0.510556 -0.187941
FixedParameters: 0 0 0

#Transform 101
Transform: AffineTransform_float_3_3
Parameters: 0.999993 0.0032242 -0.0015486 -0.0032028 0.999903 0.013505 0.00159139 -0.0134999 0.999907 0.0262528 -0.47703 -0.243697
FixedParameters: 0 0 0

#Transform 102
Transform: AffineTransform_float_3_3
Parameters: 0.999993 0.00320554 -0.00195104 -0.00318446 0.999935 0.0109473 0.00198597 -0.0109407 0.999938 0.0227267 -0.441881 -0.124623
FixedParameters: 0 0 0

#Transform 103
Transform: AffineTransform_float_3_3
Parameters: 0.999996 0.00298193 -0.000349185 -0.00297607 0.999907 0.0133631 0.000388805 -0.0133629 0.99991 -0.16418 -0.421715 0.72186
FixedParameters: 0 0 0

#Transform 104
Transform: AffineTransform_float_3_3
Parameters: 0.999971 0.00650514 0.00412777 -0.00659984 0.999711 0.0231474 -0.0039752 -0.0231745 0.999723 -0.37308 -0.42647 1.17728
FixedParameters: 0 0 0

#Transform 105
Transform: AffineTransform_float_3_3
Parameters: 0.999984 0.0047554 0.00324643 -0.0048076 0.999854 0.0163927 -0.00316758 -0.0164073 0.999861 -0.309867 -0.544902 0.778664
FixedParameters: 0 0 0

#Transform 106
Transform: AffineTransform_float_3_3
Parameters: 0.999984 0.00496652 0.00274121 -0.00502047 0.99979 0.0198596 -0.00264178 -0.0198734 0.999799 -0.317365 -0.538241 0.942822
FixedParameters: 0 0 0

#Transform 107
Transform: AffineTransform_float_3_3
Parameters: 0.999987 0.00491802 0.00134186 -0.00493498 0.999904 0.0129595 -0.00127814 -0.0129655 0.999915 -0.282531 -0.377271 0.661662
FixedParameters: 0 0 0

#Transform 108
Transform: AffineTransform_float_3_3
Parameters: 0.999992 0.00410399 0.000616355 -0.00410901 0.999956 0.00836453 -0.000581648 -0.00836645 0.999965 -0.235628 -0.274105 0.426138
FixedParameters: 0 0 0

#Transform 109
Transform: AffineTransform_float_3_3
Parameters: 0.99999 0.00425085 0.00172626 -0.00426515 0.999956 0.00827672 -0.00169075 -0.00828327 0.999965 -0.233479 -0.288762 0.259636
FixedParameters: 0 0 0

#Transform 110
Transform: AffineTransform_float_3_3
Parameters: 0.99999 0.00384832 0.00235382 -0.00386668 0.99996 0.00798398 -0.00232319 -0.00799202 0.999966 -0.26776 -0.404783 0.437809
FixedParameters: 0 0 0

#Transform 111
Transform: AffineTransform_float_3_3
Parameters: 0.999991 0.0033725 0.0023602 -0.0033895 0.999966 0.00744806 -0.0023358 -0.00745593 0.999969 -0.251566 -0.281793 0.414518
FixedParameters: 0 0 0

#Transform 112
Transform: AffineTransform_float_3_3
Parameters: 0.999992 0.00315735 0.00218078 -0.00317464 0.999962 0.00813814 -0.00215422 -0.00814586 0.999965 -0.238823 -0.29047 0.406206
FixedParameters: 0 0 0

#Transform 113
Transform: AffineTransform_float_3_3
Parameters: 0.99999 0.00381728 0.0023155 -0.00383871 0.999952 0.0090102 -0.00228049 -0.00901879 0.999956 -0.261727 -0.299184 0.450968
FixedParameters: 0 0 0

#Transform 114
Transform: AffineTransform_float_3_3
Parameters: 0.99999 0.00396224 0.00208609 -0.00397976 0.999956 0.00858079 -0.00205191 -0.00858922 0.999961 -0.258321 -0.303698 0.474655
FixedParameters: 0 0 0

#Transform 115
Transform: AffineTransform_float_3_3
Parameters: 0.999992 0.0036682 0.00196354 -0.0036868 0.999946 0.00965984 -0.00192746 -0.00966715 0.999952 -0.260151 -0.265109 0.645838
FixedParameters: 0 0 0

#Transform 116
Transform: AffineTransform_float_3_3
Parameters: 0.999987 0.0036657 0.00360702 -0.0036953 0.99996 0.00815078 -0.00357697 -0.00816422 0.999961 -0.281026 -0.355622 0.390357
FixedParameters: 0 0 0

#Transform 117
Transform: AffineTransform_float_3_3
Parameters: 0.999987 0.00385418 0.00335014 -0.00388782 0.999944 0.0098471 -0.00331185 -0.00985989 0.999946 -0.302042 -0.292459 0.588986
FixedParameters: 0 0 0

#Transform 118
Transform: AffineTransform_float_3_3
Parameters: 0.99999 0.00415101 0.00203299 -0.004167 0.99996 0.00792762 -0.00200001 -0.00793639 0.999967 -0.297058 -0.0820319 0.497331
FixedParameters: 0 0 0

#Transform 119
Transform: AffineTransform_float_3_3
Parameters: 0.99999 0.00366398 0.00231969 -0.00367702 0.999978 0.00563253 -0.00229931 -0.00564148 0.999982 -0.272066 -0.469203 0.394512
FixedParameters: 0 0 0

#Transform 120
Transform: AffineTransform_float_3_3
Parameters: 0.999979 0.00278264 0.00573529 -0.00277436 0.999996 -0.00133994 -0.0057397 0.00132406 0.999982 -0.262423 0.0670027 -0.0408306
FixedParameters: 0 0 0

#Transform 121
Transform: AffineTransform_float_3_3
Parameters: 0.999983 0.00225377 0.00541253 -0.00224323 0.999995 -0.00199518 -0.00541747 0.00198282 0.999984 -0.196325 -0.344874 -0.286937
FixedParameters: 0 0 0

#Transform 122
Transform: AffineTransform_float_3_3
Parameters: 0.999984 0.00196318 0.00542482 -0.00194582 0.999993 -0.00316961 -0.00543119 0.00315939 0.999981 -0.187473 -0.140552 -0.321749
FixedParameters: 0 0 0

#Transform 123
Transform: AffineTransform_float_3_3
Parameters: 0.999981 0.00242711 0.00562423 -0.00242289 0.999997 -0.000737641 -0.00562577 0.000724359 0.999984 -0.208851 -0.282363 -0.265923
FixedParameters: 0 0 0

#Transform 124
Transform: AffineTransform_float_3_3
Parameters: 0.999986 0.00138287 0.00520877 -0.00136313 0.999992 -0.00381616 -0.00521424 0.00380884 0.999979 -0.164064 0.0534358 -0.366891
FixedParameters: 0 0 0

#Transform 125
Transform: AffineTransform_float_3_3
Parameters: 0.999984 0.000802014 0.00567939 -0.000775982 0.999989 -0.00458149 -0.00568362 0.00457652 0.999974 -0.135578 -0.0538015 -0.484258
FixedParameters: 0 0 0

#Transform 126
Transform: AffineTransform_float_3_3
Parameters: 0.999988 0.00170285 0.00456008 -0.00169516 0.999997 -0.00172375 -0.00456292 0.00171625 0.999988 -0.190108 -0.194664 -0.122166
FixedParameters: 0 0 0

#Transform 127
Transform: AffineTransform_float_3_3
Parameters: 0.999991 0.00198362 0.00394422 -0.00199038 0.999996 0.00161416 -0.00394178 -0.00162283 0.999991 -0.203719 -0.262319 0.181572
FixedParameters: 0 0 0

#Transform 128
Transform: AffineTransform_float_3_3
Parameters: 0.999992 0.00194438 0.00333436 -0.00194462 0.999998 0.000183517 -0.00333364 -0.000190483 0.999995 -0.168016 -0.120745 0.0595816
FixedParameters: 0 0 0

#Transform 129
Transform: AffineTransform_float_3_3
Parameters: 0.999994 0.00265645 0.00226308 -0.00266455 0.99999 0.003784 -0.00225293 -0.00379001 0.999991 -0.235518 -0.179437 0.4695
FixedParameters: 0 0 0

#Transform 130
Transform: AffineTransform_float_3_3
Parameters: 0.999992 0.00294283 0.00275264 -0.00296117 0.999971 0.00698691 -0.00273236 -0.0069951 0.999972 -0.275585 -0.206848 0.855746
FixedParameters: 0 0 0

#Transform 131
Transform: AffineTransform_float_3_3
Parameters: 0.999994 0.00310804 0.00152463 -0.00311996 0.999964 0.00790629 -0.00150037 -0.00791071 0.999967 -0.201099 -0.208577 0.801105
FixedParameters: 0 0 0

#Transform 132
Transform: AffineTransform_float_3_3
Parameters: 0.999995 0.00266543 0.00134316 -0.00267457 0.99997 0.00717444 -0.00132384 -0.00717756 0.999974 -0.180307 -0.161015 0.72087
FixedParameters: 0 0 0

#Transform 133
Transform: AffineTransform_float_3_3
Parameters: 0.999994 0.00325116 0.00159923 -0.00326184 0.999972 0.00682183 -0.00157678 -0.00682718 0.999976 -0.220506 -0.074706 0.729177
FixedParameters: 0 0 0

#Transform 134
Transform: AffineTransform_float_3_3
Parameters: 0.999988 0.00501359 -0.00018663 -0.00500941 0.999862 0.0158361 0.00026636 -0.0158349 0.999874 -0.335982 0.0223021 1.67334
FixedParameters: 0 0 0

#Transform 135
Transform: AffineTransform_float_3_3
Parameters: 0.999981 0.00610721 0.00148123 -0.00613179 0.99983 0.0173533 -0.00137478 -0.0173617 0.999849 -0.403638 -0.729575 1.63061
FixedParameters: 0 0 0

#Transform 136
Transform: AffineTransform_float_3_3
Parameters: 0.999971 0.00325215 0.0067807 -0.00326385 0.999993 0.00173692 -0.00677431 -0.00175908 0.999976 -0.330753 -0.365956 0.420924
FixedParameters: 0 0 0

#Transform 137
Transform: AffineTransform_float_3_3
Parameters: 0.999974 0.00290013 0.00663714 -0.00288987 0.999995 -0.00168622 -0.00664285 0.00166678 0.999976 -0.327788 0.187666 0.216408
FixedParameters: 0 0 0

#Transform 138
Transform: AffineTransform_float_3_3
Parameters: 0.999984 -0.00216229 0.00524382 0.0021567 0.999997 0.00101533 -0.00524618 -0.00100367 0.999985 -0.0932947 -0.103413 0.393821
FixedParameters: 0 0 0

#Transform 139
Transform: AffineTransform_float_3_3
Parameters: 0.999983 0.000707071 0.00582458 -0.000719927 0.999998 0.00221784 -0.00582241 -0.00222215 0.99998 -0.218915 0.1156 0.600072
FixedParameters: 0 0 0

#Transform 140
Transform: AffineTransform_float_3_3
Parameters: 0.999981 0.00204134 0.00582339 -0.00205065 0.999996 0.00165209 -0.0058206 -0.00166491 0.999981 -0.268528 -0.0646454 0.608766
FixedParameters: 0 0 0

#Transform 141
Transform: AffineTransform_float_3_3
Parameters: 0.999982 0.00179562 0.0058229 -0.00180538 0.999997 0.00160652 -0.0058201 -0.00161748 0.999982 -0.247245 -0.0711979 0.625468
FixedParameters: 0 0 0

#Transform 142
Transform: AffineTransform_float_3_3
Parameters: 0.999982 0.00153445 0.00569058 -0.00154355 0.999998 0.00167425 -0.00568742 -0.00168276 0.999983 -0.225281 -0.100768 0.589248
FixedParameters: 0 0 0

#Transform 143
Transform: AffineTransform_float_3_3
Parameters: 0.999987 -0.000165623 0.00521398 0.000165377 1 0.000119864 -0.00521302 -0.000119138 0.999987 -0.11507 -0.078122 0.481483
FixedParameters: 0 0 0

#Transform 144
Transform: AffineTransform_float_3_3
Parameters: 0.999986 0.000957822 0.00531739 -0.000960177 0.999999 0.0004069 -0.00531661 -0.000412098 0.999986 -0.200068 -0.125946 0.484337
FixedParameters: 0 0 0

#Transform 145
Transform: AffineTransform_float_3_3
Parameters: 0.999983 0.00152545 0.00565542 -0.00152655 0.999999 0.000270371 -0.00565558 -0.000278632 0.999984 -0.23127 -0.0646446 0.455199
FixedParameters: 0 0 0

#Transform 146
Transform: AffineTransform_float_3_3
Parameters: 0.999988 0.000545132 0.0048991 -0.00053687 0.999999 -0.00166065 -0.0048999 0.00165835 0.999986 -0.152448 0.0313771 0.330244
FixedParameters: 0 0 0

#Transform 147
Transform: AffineTransform_float_3_3
Parameters: 0.999987 0.00030029 0.00498243 -0.00027371 0.999985 -0.00547643 -0.00498457 0.00547557 0.999972 -0.165548 0.138032 0.0756419
FixedParameters: 0 0 0

#Transform 148
Transform: AffineTransform_float_3_3
Parameters: 0.999993 0.000655683 0.00387167 -0.000598311 0.999889 -0.0148814 -0.00388133 0.0148786 0.999882 -0.0926575 0.204469 -0.855381
FixedParameters: 0 0 0

#Transform 149
Transform: AffineTransform_float_3_3
Parameters: 0.999996 0.00278525 -0.000234335 -0.00278874 0.999915 -0.0126794 0.000198654 0.0126806 0.999919 -0.128911 0.400116 -1.02024
FixedParameters: 0 0 0

#Transform 150
Transform: AffineTransform_float_3_3
Parameters: 0.999982 -0.00229326 0.00566612 0.00255474 0.998909 -0.0466284 -0.0055529 0.0466416 0.998896 0.00406825 0.808472 -2.42628
FixedParameters: 0 0 0

#Transform 151
Transform: AffineTransform_float_3_3
Parameters: 0.999969 -0.00740451 0.00293606 0.00763048 0.996251 -0.0861713 -0.00228689 0.0861917 0.996276 0.387059 1.83452 -4.05969
FixedParameters: 0 0 0

#Transform 152
Transform: AffineTransform_float_3_3
Parameters: 0.999999 0.00133009 0.00042866 -0.00132192 0.99983 -0.0183546 -0.00045234 0.0183544 0.999832 -0.114542 0.289889 -0.229942
FixedParameters: 0 0 0

#Transform 153
Transform: AffineTransform_float_3_3
Parameters: 0.999995 0.00100437 0.00299352 -0.000956638 0.999875 -0.0157839 -0.00300847 0.0157811 0.999871 -0.175149 0.237154 -0.0689648
FixedParameters: 0 0 0

#Transform 154
Transform: AffineTransform_float_3_3
Parameters: 0.999995 0.00117203 0.00289595 -0.00112896 0.999889 -0.0148173 -0.00291305 0.0148137 0.999886 -0.182909 0.269855 -0.00912737
FixedParameters: 0 0 0

#Transform 155
Transform: AffineTransform_float_3_3
Parameters: 0.999994 0.00119575 0.00309042 -0.00115224 0.999899 -0.0141206 -0.00310757 0.0141163 0.999895 -0.165726 0.172799 -0.119101
FixedParameters: 0 0 0

#Transform 156
Transform: AffineTransform_float_3_3
Parameters: 0.999997 0.00167826 0.00214665 -0.00164373 0.999873 -0.0158646 -0.00217335 0.0158614 0.999872 -0.142436 0.317989 -0.380089
FixedParameters: 0 0 0

#Transform 157
Transform: AffineTransform_float_3_3
Parameters: 0.999996 0.00164531 0.00230722 -0.00160969 0.999883 -0.0152238 -0.00233177 0.0152202 0.999882 -0.14648 0.280312 -0.342581
FixedParameters: 0 0 0

#Transform 158
Transform: AffineTransform_float_3_3
Parameters: 0.999995 0.00180785 0.0027854 -0.00175515 0.99982 -0.018862 -0.0028186 0.018857 0.999818 -0.170899 0.374821 -0.373284
FixedParameters: 0 0 0

#Transform 159
Transform: AffineTransform_float_3_3
Parameters: 0.999997 0.00129136 0.00200302 -0.00125564 0.999837 -0.0180486 -0.00202599 0.0180464 0.999835 -0.157024 0.303703 -0.339334
FixedParameters: 0 0 0

#Transform 160
Transform: AffineTransform_float_3_3
Parameters: 0.999997 0.00130678 0.0016724 -0.00127623 0.999832 -0.0182732 -0.0016956 0.0182708 0.999831 -0.120659 0.31803 -0.329607
FixedParameters: 0 0 0

#Transform 161
Transform: AffineTransform_float_3_3
Parameters: 0.999997 0.00119794 0.00218159 -0.00116007 0.999849 -0.0173096 -0.00220141 0.0173074 0.999848 -0.13614 0.283731 -0.364861
FixedParameters: 0 0 0

#Transform 162
Transform: AffineTransform_float_3_3
Parameters: 0.999997 0.000635123 0.00211433 -0.000601883 0.999877 -0.0156293 -0.00212366 0.0156287 0.999875 -0.0752342 0.287867 -0.391526
FixedParameters: 0 0 0

#Transform 163
Transform: AffineTransform_float_3_3
Parameters: 0.999998 0.00102405 0.00181702 -0.00099695 0.999889 -0.0148258 -0.00183198 0.0148241 0.999888 -0.0947007 0.257649 -0.402249
FixedParameters: 0 0 0

#Transform 164
Transform: AffineTransform_float_3_3
Parameters: 0.999997 0.00130897 0.00195533 -0.00127603 0.999858 -0.0167705 -0.00197668 0.0167685 0.999858 -0.102432 0.307611 -0.461032
FixedParameters: 0 0 0

#Transform 165
Transform: AffineTransform_float_3_3
Parameters: 0.999998 0.00110967 0.00174634 -0.00108334 0.999884 -0.0151979 -0.00176267 0.0151961 0.999883 -0.0946562 0.240876 -0.412661
FixedParameters: 0 0 0

#Transform 166
Transform: AffineTransform_float_3_3
Parameters: 1 0.000273562 -0.00117395 -0.000290438 0.999901 -0.0140247 0.00117004 0.0140253 0.999901 -0.0157206 0.261617 -0.242996
FixedParameters: 0 0 0

#Transform 167
Transform: AffineTransform_float_3_3
Parameters: 1 0.000415839 0.000515999 -0.00040716 0.999855 -0.0170142 -0.000523003 0.0170138 0.999855 0.0210609 0.293308 -0.44751
FixedParameters: 0 0 0

#Transform 168
Transform: AffineTransform_float_3_3
Parameters: 0.999999 0.000741139 0.00132619 -0.000713864 0.999792 -0.020349 -0.0013408 0.020348 0.999792 -0.051361 0.337484 -0.599921
FixedParameters: 0 0 0

#Transform 169
Transform: AffineTransform_float_3_3
Parameters: 1 -0.000496092 0.000139765 0.000498912 0.999766 -0.0216329 -0.000129237 0.0216331 0.999766 0.0021872 0.383537 -0.653071
FixedParameters: 0 0 0

#Transform 170
Transform: AffineTransform_float_3_3
Parameters: 0.999998 -0.00146332 -0.00151537 0.00143169 0.999789 -0.0204652 0.00154462 0.0204638 0.99979 0.116558 0.333838 -0.612007
FixedParameters: 0 0 0

#Transform 171
Transform: AffineTransform_float_3_3
Parameters: 0.999999 -0.00141385 0.00038802 0.00142215 0.999759 -0.0218745 -0.000356977 0.0218745 0.99976 0.0196498 0.398873 -0.446901
FixedParameters: 0 0 0

#Transform 172
Transform: AffineTransform_float_3_3
Parameters: 1 0.00118188 -0.000211481 -0.00118611 0.999785 -0.0206748 0.000186517 0.0206752 0.999786 -0.0753394 0.341697 -0.436842
FixedParameters: 0 0 0

#Transform 173
Transform: AffineTransform_float_3_3
Parameters: 0.999999 0.00140441 0.000107063 -0.00140159 0.999801 -0.0199072 -0.000134929 0.0199078 0.999802 -0.104237 0.327893 -0.311319
FixedParameters: 0 0 0

#Transform 174
Transform: AffineTransform_float_3_3
Parameters: 0.999999 -0.00138102 -0.000324597 0.00137297 0.999722 -0.0235285 0.000357403 0.0235285 0.999723 0.0523737 0.483747 -0.675383
FixedParameters: 0 0 0

#Transform 175
Transform: AffineTransform_float_3_3
Parameters: 0.999999 -0.00117572 -0.000534956 0.00116328 0.99977 -0.0214056 0.000560029 0.0214054 0.99977 0.0376916 0.329737 -0.633254
FixedParameters: 0 0 0

#Transform 176
Transform: AffineTransform_float_3_3
Parameters: 0.999999 0.00100872 0.000839145 -0.000991283 0.999782 -0.0208559 -0.000859861 0.0208552 0.999782 -0.0503182 0.394198 -0.930641
FixedParameters: 0 0 0

#Transform 177
Transform: AffineTransform_float_3_3
Parameters: 1 0.0011553 -0.000369966 -0.0011627 0.999768 -0.0215356 0.000345041 0.0215354 0.999768 -0.00479642 0.364717 -1.16741
FixedParameters: 0 0 0

#Transform 178
Transform: AffineTransform_float_3_3
Parameters: 0.999998 0.00158778 -0.000991152 -0.00160122 0.999894 -0.0145144 0.000967859 0.0145166 0.999894 -0.0245058 0.245033 -0.489164
FixedParameters: 0 0 0

#Transform 179
Transform: AffineTransform_float_3_3
Parameters: 0.999998 0.00140719 0.00154609 -0.0013848 0.999898 -0.0142622 -0.00156691 0.0142598 0.999897 -0.155501 0.235439 -0.152833
FixedParameters: 0 0 0

#Transform 180
Transform: AffineTransform_float_3_3
Parameters: 0.999997 0.00142874 0.00189393 -0.00139926 0.999877 -0.0156137 -0.00191608 0.0156103 0.999877 -0.168877 0.271146 -0.188464
FixedParameters: 0 0 0

#Transform 181
Transform: AffineTransform_float_3_3
Parameters: 0.999997 0.00158151 0.00183092 -0.00155149 0.99987 -0.0160069 -0.00185607 0.0160041 0.99987 -0.174673 0.302748 -0.179532
FixedParameters: 0 0 0

#Transform 182
Transform: AffineTransform_float_3_3
Parameters: 0.999997 0.00148914 0.00203766 -0.00145085 0.999826 -0.018595 -0.00206533 0.018592 0.999825 -0.185246 0.332329 -0.231966
FixedParameters: 0 0 0

#Transform 183
Transform: AffineTransform_float_3_3
Parameters: 0.999996 0.00229392 0.00157077 -0.00226307 0.999809 -0.0194136 -0.00161524 0.0194104 0.999811 -0.21676 0.354364 -0.274659
FixedParameters: 0 0 0

#Transform 184
Transform: AffineTransform_float_3_3
Parameters: 1 0.000519626 -0.000240678 -0.000523361 0.999828 -0.0185449 0.000230334 0.0185451 0.999828 -0.163277 0.344539 -0.214779
FixedParameters: 0 0 0

#Transform 185
Transform: AffineTransform_float_3_3
Parameters: 0.999987 0.00299158 -0.00407998 -0.00309942 0.999642 -0.0265817 0.00399901 0.0265943 0.999639 -0.193725 0.556308 -0.662571
FixedParameters: 0 0 0

#Transform 186
Transform: AffineTransform_float_3_3
Parameters: 0.999971 0.000605073 -0.00762353 -0.000735942 0.999852 -0.0171839 0.00761248 0.0171881 0.999824 0.0768593 0.311937 -0.55525
FixedParameters: 0 0 0

#Transform 187
Transform: AffineTransform_float_3_3
Parameters: 0.999983 0.00134887 -0.00569848 -0.00148712 0.999704 -0.024306 0.00566352 0.0243141 0.999689 0.037218 0.526614 -0.617088
FixedParameters: 0 0 0

#Transform 188
Transform: AffineTransform_float_3_3
Parameters: 0.999989 0.00187462 -0.00428099 -0.00190339 0.999974 -0.00687093 0.00426802 0.00687807 0.999967 -0.0683287 0.229567 0.125903
FixedParameters: 0 0 0

#Transform 189
Transform: AffineTransform_float_3_3
