# transform file /out/sourcedata/freesurfer/sub-v1s9x0051357_ses-1/mri/transforms/cc_up.lta
# created by oesteban on Tue Mar 10 09:20:22 2026

type      = 0 # LINEAR_VOX_TO_VOX
nxforms   = 1
mean      = 131.0000 104.0000 115.0000
sigma     = 10000.0000
1 4 4
9.913514852523804e-01 -1.305623799562454e-01 1.325740199536085e-02 1.145021152496338e+01 
1.305506974458694e-01 9.914401173591614e-01 1.745862071402371e-03 2.893499946594238e+01 
-1.337186433374882e-02 1.164153218269348e-10 9.999106526374817e-01 1.770823287963867e+01 
0.000000000000000e+00 0.000000000000000e+00 0.000000000000000e+00 1.000000000000000e+00 
src volume info
valid = 1  # volume info valid
filename = /out/sourcedata/freesurfer/sub-v1s9x0051357_ses-1/mri/norm.mgz
volume = 256 256 256
voxelsize = 1.000000000000000e+00 1.000000000000000e+00 1.000000000000000e+00
xras   = -1.000000000000000e+00 0.000000000000000e+00 0.000000000000000e+00
yras   = 0.000000000000000e+00 0.000000000000000e+00 -1.000000000000000e+00
zras   = 0.000000000000000e+00 1.000000000000000e+00 0.000000000000000e+00
cras   = 1.068489074707031e+00 -6.699615478515625e+00 -5.084019470214844e+01
dst volume info
valid = 1  # volume info valid
filename = /out/sourcedata/freesurfer/sub-v1s9x0051357_ses-1/mri/norm.mgz
volume = 256 256 256
voxelsize = 1.000000000000000e+00 1.000000000000000e+00 1.000000000000000e+00
xras   = -1.000000000000000e+00 0.000000000000000e+00 0.000000000000000e+00
yras   = 0.000000000000000e+00 0.000000000000000e+00 -1.000000000000000e+00
zras   = 0.000000000000000e+00 1.000000000000000e+00 0.000000000000000e+00
cras   = 1.068489074707031e+00 -6.699615478515625e+00 -5.084019470214844e+01
