# transform file /out/sourcedata/freesurfer/sub-v1s9x0051329_ses-1/mri/transforms/cc_up.lta
# created by oesteban on Tue Mar 10 08:53:54 2026

type      = 0 # LINEAR_VOX_TO_VOX
nxforms   = 1
mean      = 131.0000 96.0000 116.0000
sigma     = 10000.0000
1 4 4
9.938948750495911e-01 9.687983244657516e-02 5.279414728283882e-02 -1.646190261840820e+01 
-9.674344211816788e-02 9.952960610389709e-01 -5.138861015439034e-03 6.670712280273438e+01 
-5.304365977644920e-02 0.000000000000000e+00 9.985921382904053e-01 2.416559028625488e+01 
0.000000000000000e+00 0.000000000000000e+00 0.000000000000000e+00 1.000000000000000e+00 
src volume info
valid = 1  # volume info valid
filename = /out/sourcedata/freesurfer/sub-v1s9x0051329_ses-1/mri/norm.mgz
volume = 256 256 256
voxelsize = 1.000000000000000e+00 1.000000000000000e+00 1.000000000000000e+00
xras   = -1.000000000000000e+00 0.000000000000000e+00 0.000000000000000e+00
yras   = 0.000000000000000e+00 0.000000000000000e+00 -1.000000000000000e+00
zras   = 0.000000000000000e+00 1.000000000000000e+00 0.000000000000000e+00
cras   = 6.507499694824219e+00 5.220260620117188e-01 -1.502005004882812e+01
dst volume info
valid = 1  # volume info valid
filename = /out/sourcedata/freesurfer/sub-v1s9x0051329_ses-1/mri/norm.mgz
volume = 256 256 256
voxelsize = 1.000000000000000e+00 1.000000000000000e+00 1.000000000000000e+00
xras   = -1.000000000000000e+00 0.000000000000000e+00 0.000000000000000e+00
yras   = 0.000000000000000e+00 0.000000000000000e+00 -1.000000000000000e+00
zras   = 0.000000000000000e+00 1.000000000000000e+00 0.000000000000000e+00
cras   = 6.507499694824219e+00 5.220260620117188e-01 -1.502005004882812e+01
