# transform file /out/sourcedata/freesurfer/sub-v1s9x0051354_ses-1/mri/transforms/cc_up.lta
# created by oesteban on Tue Mar 10 09:09:39 2026

type      = 0 # LINEAR_VOX_TO_VOX
nxforms   = 1
mean      = 128.0000 96.0000 115.0000
sigma     = 10000.0000
1 4 4
9.939804673194885e-01 -1.004083529114723e-01 4.383140057325363e-02 5.678596973419189e+00 
1.003108695149422e-01 9.949464201927185e-01 4.423392470926046e-03 3.926950454711914e+01 
-4.405403509736061e-02 4.656613428188905e-10 9.990292191505432e-01 2.265172386169434e+01 
0.000000000000000e+00 0.000000000000000e+00 0.000000000000000e+00 1.000000000000000e+00 
src volume info
valid = 1  # volume info valid
filename = /out/sourcedata/freesurfer/sub-v1s9x0051354_ses-1/mri/norm.mgz
volume = 256 256 256
voxelsize = 1.000000000000000e+00 1.000000000000000e+00 1.000000000000000e+00
xras   = -1.000000000000000e+00 0.000000000000000e+00 0.000000000000000e+00
yras   = 0.000000000000000e+00 0.000000000000000e+00 -1.000000000000000e+00
zras   = 0.000000000000000e+00 1.000000000000000e+00 0.000000000000000e+00
cras   = 2.936706542968750e-01 -9.024078369140625e+00 -6.675537109375000e+00
dst volume info
valid = 1  # volume info valid
filename = /out/sourcedata/freesurfer/sub-v1s9x0051354_ses-1/mri/norm.mgz
volume = 256 256 256
voxelsize = 1.000000000000000e+00 1.000000000000000e+00 1.000000000000000e+00
xras   = -1.000000000000000e+00 0.000000000000000e+00 0.000000000000000e+00
yras   = 0.000000000000000e+00 0.000000000000000e+00 -1.000000000000000e+00
zras   = 0.000000000000000e+00 1.000000000000000e+00 0.000000000000000e+00
cras   = 2.936706542968750e-01 -9.024078369140625e+00 -6.675537109375000e+00
