# transform file /out/sourcedata/freesurfer/sub-v1s9x0051351_ses-1/mri/transforms/cc_up.lta
# created by oesteban on Tue Mar 10 09:02:55 2026

type      = 0 # LINEAR_VOX_TO_VOX
nxforms   = 1
mean      = 130.0000 87.0000 119.0000
sigma     = 10000.0000
1 4 4
9.919946193695068e-01 -7.141645066440105e-03 1.260786801576614e-01 -1.260484027862549e+01 
7.084653712809086e-03 9.999746084213257e-01 9.004320600070059e-04 5.698690414428711e+01 
-1.260818988084793e-01 5.820766785236131e-11 9.920198917388916e-01 2.509609794616699e+01 
0.000000000000000e+00 0.000000000000000e+00 0.000000000000000e+00 1.000000000000000e+00 
src volume info
valid = 1  # volume info valid
filename = /out/sourcedata/freesurfer/sub-v1s9x0051351_ses-1/mri/norm.mgz
volume = 256 256 256
voxelsize = 1.000000000000000e+00 1.000000000000000e+00 1.000000000000000e+00
xras   = -1.000000000000000e+00 0.000000000000000e+00 0.000000000000000e+00
yras   = 0.000000000000000e+00 0.000000000000000e+00 -1.000000000000000e+00
zras   = 0.000000000000000e+00 1.000000000000000e+00 0.000000000000000e+00
cras   = 1.843307495117188e+00 2.598197937011719e+00 2.819128417968750e+01
dst volume info
valid = 1  # volume info valid
filename = /out/sourcedata/freesurfer/sub-v1s9x0051351_ses-1/mri/norm.mgz
volume = 256 256 256
voxelsize = 1.000000000000000e+00 1.000000000000000e+00 1.000000000000000e+00
xras   = -1.000000000000000e+00 0.000000000000000e+00 0.000000000000000e+00
yras   = 0.000000000000000e+00 0.000000000000000e+00 -1.000000000000000e+00
zras   = 0.000000000000000e+00 1.000000000000000e+00 0.000000000000000e+00
cras   = 1.843307495117188e+00 2.598197937011719e+00 2.819128417968750e+01
