# transform file /out/sourcedata/freesurfer/sub-v1s9x0051349_ses-1/mri/transforms/cc_up.lta
# created by oesteban on Tue Mar 10 08:54:29 2026

type      = 0 # LINEAR_VOX_TO_VOX
nxforms   = 1
mean      = 126.0000 94.0000 117.0000
sigma     = 10000.0000
1 4 4
9.933978319168091e-01 -6.696596741676331e-02 9.314557909965515e-02 -6.843430399894714e-01 
6.667351722717285e-02 9.977551698684692e-01 6.251617334783077e-03 4.419440460205078e+01 
-9.335514158010483e-02 -4.656612317965880e-10 9.956328272819519e-01 2.706952095031738e+01 
0.000000000000000e+00 0.000000000000000e+00 0.000000000000000e+00 1.000000000000000e+00 
src volume info
valid = 1  # volume info valid
filename = /out/sourcedata/freesurfer/sub-v1s9x0051349_ses-1/mri/norm.mgz
volume = 256 256 256
voxelsize = 1.000000000000000e+00 1.000000000000000e+00 1.000000000000000e+00
xras   = -1.000000000000000e+00 0.000000000000000e+00 0.000000000000000e+00
yras   = 0.000000000000000e+00 0.000000000000000e+00 -1.000000000000000e+00
zras   = 0.000000000000000e+00 1.000000000000000e+00 0.000000000000000e+00
cras   = 2.936706542968750e-01 -3.600341796875000e+00 1.037045288085938e+01
dst volume info
valid = 1  # volume info valid
filename = /out/sourcedata/freesurfer/sub-v1s9x0051349_ses-1/mri/norm.mgz
volume = 256 256 256
voxelsize = 1.000000000000000e+00 1.000000000000000e+00 1.000000000000000e+00
xras   = -1.000000000000000e+00 0.000000000000000e+00 0.000000000000000e+00
yras   = 0.000000000000000e+00 0.000000000000000e+00 -1.000000000000000e+00
zras   = 0.000000000000000e+00 1.000000000000000e+00 0.000000000000000e+00
cras   = 2.936706542968750e-01 -3.600341796875000e+00 1.037045288085938e+01
