#Insight Transform File V1.0
#Transform 0
Transform: AffineTransform_float_3_3
Parameters: 0.999999 -0.000978598 -0.00118686 0.000976401 0.999997 -0.00218816 0.00118914 0.00218684 0.999997 6.71834e-06 -0.159782 -0.0568804
FixedParameters: 0 0 0

#Transform 1
Transform: AffineTransform_float_3_3
Parameters: 1 -0.000440985 -0.000152044 0.000441015 1 9.89329e-05 0.000151956 -9.9067e-05 1 -0.012804 -0.0885431 0.0282079
FixedParameters: 0 0 0

#Transform 2
Transform: AffineTransform_float_3_3
Parameters: 0.999999 -0.000661452 -0.000268892 0.000661548 0.999999 -0.00167618 0.000270109 0.00167582 0.999998 -0.0177945 -0.0456181 -0.0363507
FixedParameters: 0 0 0

#Transform 3
Transform: AffineTransform_float_3_3
Parameters: 1 -0.000661333 -0.000187833 0.000660667 0.999998 -0.00176513 0.000189166 0.00176488 0.999999 -0.0204932 -0.0798081 -0.0279763
FixedParameters: 0 0 0

#Transform 4
Transform: AffineTransform_float_3_3
Parameters: 1 -0.000661266 -0.000157892 0.000660736 0.999999 -0.0016761 0.000158107 0.0016759 0.999998 -0.0211223 -0.0549795 -0.0101369
FixedParameters: 0 0 0

#Transform 5
Transform: AffineTransform_float_3_3
Parameters: 0.999999 -0.000661572 -0.000273619 0.000661426 0.999997 -0.00208818 0.000275381 0.00208782 0.999998 -0.0310726 -0.101825 0.0152432
FixedParameters: 0 0 0

#Transform 6
Transform: AffineTransform_float_3_3
Parameters: 1 -0.000660847 8.51943e-05 0.000661152 0.999998 -0.00180695 -8.38054e-05 0.00180706 0.999999 -0.0208144 -0.0725531 0.0237116
FixedParameters: 0 0 0

#Transform 7
Transform: AffineTransform_float_3_3
Parameters: 0.999999 -0.000660089 0.000614978 0.000660909 0.999998 -0.00148059 -0.000614021 0.00148141 0.999998 -0.0108053 -0.0210658 0.0235463
FixedParameters: 0 0 0

#Transform 8
Transform: AffineTransform_float_3_3
Parameters: 1 -0.000355779 0.000161487 0.00035622 0.999999 -0.00136794 -0.000160513 0.00136806 0.999999 -0.0172391 -0.0874799 0.0259455
FixedParameters: 0 0 0

#Transform 9
Transform: AffineTransform_float_3_3
Parameters: 1 -0.000536165 -9.00227e-05 0.000535835 0.999998 -0.00182305 9.0977e-05 0.00182295 0.999999 -0.0281396 -0.0531233 0.0242998
FixedParameters: 0 0 0

#Transform 10
Transform: AffineTransform_float_3_3
Parameters: 0.999998 -0.00180826 -0.00098504 0.00180574 0.999993 -0.00329979 0.000990963 0.00329822 0.999994 -0.0367598 -0.0758914 0.137102
FixedParameters: 0 0 0

#Transform 11
Transform: AffineTransform_float_3_3
Parameters: 0.999999 -0.000696008 -0.00164884 0.000697991 0.999999 0.00120785 0.00164716 -0.00120915 0.999998 -0.0569695 0.0427558 0.196893
FixedParameters: 0 0 0

#Transform 12
Transform: AffineTransform_float_3_3
Parameters: 1 -0.000856137 0.000809042 0.000858864 0.999994 -0.00354631 -0.00080596 0.0035467 0.999994 0.0162353 -0.107463 0.0726655
FixedParameters: 0 0 0

#Transform 13
Transform: AffineTransform_float_3_3
Parameters: 0.999999 -0.00113943 -0.000671875 0.00113357 0.999967 -0.00802777 0.000681122 0.00802723 0.999967 0.0288963 -0.250871 -0.224009
FixedParameters: 0 0 0

#Transform 14
Transform: AffineTransform_float_3_3
Parameters: 1 -0.000824111 -0.000677232 0.00082189 0.999989 -0.00458156 0.000680772 0.00458044 0.99999 0.00892572 -0.162028 -0.1364
FixedParameters: 0 0 0

#Transform 15
Transform: AffineTransform_float_3_3
Parameters: 0.999999 -0.000573388 -0.00067899 0.000571611 0.999993 -0.00351239 0.000681012 0.00351261 0.999993 0.0239969 -0.121921 -0.144095
FixedParameters: 0 0 0

#Transform 16
Transform: AffineTransform_float_3_3
Parameters: 1 -0.000455618 -0.000277991 0.000455383 0.999998 -0.00221713 0.00027901 0.00221688 0.999998 0.0252342 -0.05256 -0.151605
FixedParameters: 0 0 0

#Transform 17
Transform: AffineTransform_float_3_3
Parameters: 1 -0.000571167 -0.00013228 0.000571833 0.999999 -0.00126008 0.000132721 0.00125992 0.999999 0.044229 -0.0312374 -0.180549
FixedParameters: 0 0 0

#Transform 18
Transform: AffineTransform_float_3_3
Parameters: 1 -0.000571053 -9.36779e-05 0.000570947 0.999999 -0.000564053 9.3322e-05 0.000563947 1 0.0444642 -0.102588 -0.12577
FixedParameters: 0 0 0

#Transform 19
Transform: AffineTransform_float_3_3
Parameters: 1 8.38265e-05 -0.000694021 -8.41735e-05 1 -0.000249942 0.000693979 0.000250058 0.999999 -0.00955025 -0.0611582 0.0507042
FixedParameters: 0 0 0

#Transform 20
Transform: AffineTransform_float_3_3
Parameters: 1 -0.000571124 0.000216672 0.000571875 0.999999 0.000574124 -0.000217328 -0.000573876 1 0.00315615 0.000466061 0.0166369
FixedParameters: 0 0 0

#Transform 21
Transform: AffineTransform_float_3_3
Parameters: 1 -0.000571026 0.000123879 0.000570973 1 0.000212071 -0.000124121 -0.000211929 1 0.0165873 -0.0403367 0.00316401
FixedParameters: 0 0 0

#Transform 22
Transform: AffineTransform_float_3_3
Parameters: 1 -2.60587e-05 -9.39837e-05 2.59412e-05 1 -0.000625002 9.40162e-05 0.000624997 1 0.0124846 -0.050879 0.00785721
FixedParameters: 0 0 0

#Transform 23
Transform: AffineTransform_float_3_3
Parameters: 1 0.000531791 -0.000259427 -0.000532207 0.999999 -0.000802861 0.000258573 0.000803137 0.999999 -0.000276788 -0.0607423 -0.0291652
FixedParameters: 0 0 0

#Transform 24
Transform: AffineTransform_float_3_3
Parameters: 1 -0.000139074 -9.38897e-05 0.000138926 0.999999 -0.000793013 9.31102e-05 0.000792987 0.999999 0.0164993 -0.0512535 -0.0297754
FixedParameters: 0 0 0

#Transform 25
Transform: AffineTransform_float_3_3
Parameters: 1 -0.00032913 -9.35436e-05 0.000328871 0.999999 -0.00138703 9.34562e-05 0.00138697 0.999999 0.0242575 -0.0747422 -0.0625628
FixedParameters: 0 0 0

#Transform 26
Transform: AffineTransform_float_3_3
Parameters: 1 -0.000138544 0.000434146 0.000138456 1 -0.00105094 -0.000433855 0.00105106 1 0.032895 -0.0491698 -0.0659334
FixedParameters: 0 0 0

#Transform 27
Transform: AffineTransform_float_3_3
Parameters: 1 -0.000138504 0.000434159 0.000138496 1 -0.00114294 -0.000433842 0.00114306 1 0.0156633 -0.0994628 -0.0306528
FixedParameters: 0 0 0

#Transform 28
Transform: AffineTransform_float_3_3
Parameters: 1 -0.000388776 0.000314277 0.000389223 0.999999 -0.000711877 -0.000313723 0.000712122 0.999999 0.0265824 -0.0489413 -0.0055785
FixedParameters: 0 0 0

#Transform 29
Transform: AffineTransform_float_3_3
Parameters: 1 -6.47466e-05 -0.000319651 6.3257e-05 0.999985 -0.00546102 0.00031935 0.00546098 0.999985 0.0797202 -0.204541 -0.284162
FixedParameters: 0 0 0

#Transform 30
Transform: AffineTransform_float_3_3
Parameters: 1 -9.80893e-05 -0.000598661 9.59129e-05 0.999994 -0.00348906 0.000598338 0.00348894 0.999993 0.0536939 -0.138288 -0.234003
FixedParameters: 0 0 0

#Transform 31
Transform: AffineTransform_float_3_3
Parameters: 0.999999 -9.72599e-05 -0.000815617 9.37384e-05 0.999992 -0.00399608 0.000816381 0.00399592 0.999991 0.0627229 -0.120615 -0.366941
FixedParameters: 0 0 0

#Transform 32
Transform: AffineTransform_float_3_3
Parameters: 1 -0.000624436 -0.000754169 0.000621565 0.999989 -0.00454747 0.000756835 0.00454753 0.99999 0.0618271 -0.163683 -0.35906
FixedParameters: 0 0 0

#Transform 33
Transform: AffineTransform_float_3_3
Parameters: 1 -0.00018747 9.5053e-05 0.00018853 0.999985 -0.00560899 -9.3944e-05 0.00560902 0.999985 0.0612354 -0.226834 -0.398785
FixedParameters: 0 0 0

#Transform 34
Transform: AffineTransform_float_3_3
Parameters: 0.999999 -0.00129199 -0.000374203 0.00129001 0.999986 -0.00526549 0.000380798 0.00526551 0.999986 0.0466558 -0.194442 -0.294556
FixedParameters: 0 0 0

#Transform 35
Transform: AffineTransform_float_3_3
Parameters: 1 -0.000257308 0.000389458 0.000258691 0.999999 -0.0017769 -0.000388541 0.0017771 0.999999 0.0567927 -0.176411 -0.249574
FixedParameters: 0 0 0

#Transform 36
Transform: AffineTransform_float_3_3
Parameters: 1 -0.000283391 -0.000207467 0.000283608 0.999998 -0.00188106 0.000208534 0.00188094 0.999998 0.0414146 -0.0965092 -0.268954
FixedParameters: 0 0 0

#Transform 37
Transform: AffineTransform_float_3_3
Parameters: 1 -0.000112865 0.00012712 0.000113134 1 -0.00105899 -0.00012688 0.00105902 1 0.058695 -0.0933055 -0.262241
FixedParameters: 0 0 0

#Transform 38
Transform: AffineTransform_float_3_3
Parameters: 1 -0.0001127 0.000201168 0.000113301 0.999999 -0.00149098 -0.000201831 0.00149102 0.999999 0.0590388 -0.11889 -0.289927
FixedParameters: 0 0 0

#Transform 39
Transform: AffineTransform_float_3_3
Parameters: 0.999999 6.78288e-05 0.000845855 -6.51729e-05 0.999997 -0.00216206 -0.000845143 0.00216194 0.999998 0.0609774 -0.111046 -0.37192
FixedParameters: 0 0 0

#Transform 40
Transform: AffineTransform_float_3_3
Parameters: 0.999999 0.000225773 0.000731455 -0.000224226 0.999997 -0.00242316 -0.000732545 0.00242283 0.999997 0.0595477 -0.107027 -0.367641
FixedParameters: 0 0 0

#Transform 41
Transform: AffineTransform_float_3_3
Parameters: 0.999999 -0.000110272 0.000998304 0.000112731 0.999997 -0.00273389 -0.000998695 0.00273311 0.999996 0.0626771 -0.107211 -0.37312
FixedParameters: 0 0 0

#Transform 42
Transform: AffineTransform_float_3_3
Parameters: 1 -0.000267412 0.000159988 0.000267588 0.999993 -0.00368896 -0.000159014 0.00368904 0.999993 0.0695482 -0.17468 -0.494668
FixedParameters: 0 0 0

#Transform 43
Transform: AffineTransform_float_3_3
Parameters: 1 -0.000615542 0.000339655 0.000617459 0.99999 -0.00430879 -0.000337342 0.00430921 0.99999 0.0913494 -0.180438 -0.641656
FixedParameters: 0 0 0

#Transform 44
Transform: AffineTransform_float_3_3
Parameters: 1 -0.000280355 -0.000987496 0.000275642 0.999986 -0.00541928 0.000989508 0.00541873 0.999985 0.0833422 -0.203669 -0.776139
FixedParameters: 0 0 0

#Transform 45
Transform: AffineTransform_float_3_3
Parameters: 0.999999 -0.00145415 0.000443459 0.00145785 0.999978 -0.00649836 -0.000433535 0.00649864 0.999979 0.141966 -0.239115 -0.845526
FixedParameters: 0 0 0

#Transform 46
Transform: AffineTransform_float_3_3
Parameters: 1 -0.000225504 0.000219547 0.000226492 0.999976 -0.00683894 -0.000217456 0.00683904 0.999976 0.131773 -0.262884 -0.935703
FixedParameters: 0 0 0

#Transform 47
Transform: AffineTransform_float_3_3
Parameters: 1 -9.33152e-05 9.46797e-05 9.4687e-05 0.999973 -0.00725799 -9.43152e-05 0.007258 0.999973 0.104363 -0.244045 -0.78844
FixedParameters: 0 0 0

#Transform 48
Transform: AffineTransform_float_3_3
Parameters: 0.999999 -0.000515252 0.00066968 0.00051975 0.999974 -0.00710966 -0.000666322 0.00710935 0.999975 0.103062 -0.292519 -0.879339
FixedParameters: 0 0 0

#Transform 49
Transform: AffineTransform_float_3_3
Parameters: 1 -0.000986614 0.000349805 0.000988388 0.999976 -0.00688866 -0.000343199 0.00688934 0.999976 0.0777996 -0.24786 -0.751559
FixedParameters: 0 0 0

#Transform 50
Transform: AffineTransform_float_3_3
Parameters: 1 -0.00108708 0.000263079 0.00108892 0.999972 -0.00742472 -0.000254922 0.00742528 0.999973 0.0929174 -0.273708 -0.810826
FixedParameters: 0 0 0

#Transform 51
Transform: AffineTransform_float_3_3
Parameters: 0.999999 -0.001788 -0.00026271 0.001786 0.99997 -0.00743748 0.000275292 0.00743752 0.999973 0.0592525 -0.291342 -0.795588
FixedParameters: 0 0 0

#Transform 52
Transform: AffineTransform_float_3_3
Parameters: 0.999999 -0.000961191 -0.000164173 0.00095981 0.999975 -0.00710716 0.000170825 0.00710684 0.999974 0.0812568 -0.260335 -0.780671
FixedParameters: 0 0 0

#Transform 53
Transform: AffineTransform_float_3_3
Parameters: 0.999999 -0.000838087 0.000316117 0.000839911 0.999981 -0.00609874 -0.000310883 0.00609927 0.999982 0.0575932 -0.256924 -0.668102
FixedParameters: 0 0 0

#Transform 54
Transform: AffineTransform_float_3_3
Parameters: 1 -0.000736824 0.000836588 0.000742173 0.999981 -0.00620339 -0.000831412 0.00620462 0.999981 0.0357852 -0.15621 -0.573917
FixedParameters: 0 0 0

#Transform 55
Transform: AffineTransform_float_3_3
Parameters: 0.999996 -0.00115506 0.0023025 0.00116394 0.999992 -0.00388333 -0.00229849 0.00388667 0.99999 0.07249 -0.154497 -0.616993
FixedParameters: 0 0 0

#Transform 56
Transform: AffineTransform_float_3_3
Parameters: 0.999998 -0.000926421 0.00189073 0.000933575 0.999991 -0.00401124 -0.00188627 0.00401276 0.99999 0.0905386 -0.20461 -0.694991
FixedParameters: 0 0 0

#Transform 57
Transform: AffineTransform_float_3_3
Parameters: 0.999998 -0.00140961 0.00175454 0.00141439 0.999996 -0.00250353 -0.00175146 0.00250648 0.999996 0.0716794 -0.0984166 -0.540111
FixedParameters: 0 0 0

#Transform 58
Transform: AffineTransform_float_3_3
Parameters: 1 -0.000636212 0.00104309 0.000638789 0.999999 -0.00171534 -0.00104191 0.00171566 0.999998 0.0838159 -0.136129 -0.621414
FixedParameters: 0 0 0

#Transform 59
Transform: AffineTransform_float_3_3
Parameters: 0.999999 -0.000873073 0.00116096 0.000876927 0.999994 -0.00338598 -0.00115804 0.00338701 0.999993 0.0856146 -0.146807 -0.721588
FixedParameters: 0 0 0

#Transform 60
Transform: AffineTransform_float_3_3
Parameters: 0.999999 -0.00052713 0.0014017 0.000528869 0.999999 -0.00133426 -0.0014003 0.00133474 0.999998 0.010122 -0.16253 -0.118634
FixedParameters: 0 0 0

#Transform 61
Transform: AffineTransform_float_3_3
Parameters: 0.999999 0.000482248 0.00168012 -0.000493758 0.99998 0.00640518 -0.00167787 -0.00640582 0.999978 -0.138626 -0.0343809 1.2549
FixedParameters: 0 0 0

#Transform 62
Transform: AffineTransform_float_3_3
Parameters: 0.999996 -0.000671291 0.00250287 0.000647706 0.999956 0.00929565 -0.00250913 -0.00929334 0.999953 -0.169351 0.164374 2.08111
FixedParameters: 0 0 0

#Transform 63
Transform: AffineTransform_float_3_3
Parameters: 0.999997 -0.000719003 0.00237489 0.000711996 0.999996 0.0029487 -0.00237711 -0.0029463 0.999993 -0.0742761 0.313037 0.60393
FixedParameters: 0 0 0

#Transform 64
Transform: AffineTransform_float_3_3
Parameters: 0.999996 -0.00186979 0.00184353 0.00188422 0.999969 -0.00773856 -0.00182947 0.00774145 0.999969 0.0986534 -0.0529872 -0.668313
FixedParameters: 0 0 0

#Transform 65
Transform: AffineTransform_float_3_3
Parameters: 0.999992 -0.00355082 0.00142402 0.00358218 0.999723 -0.0232701 -0.001341 0.0232749 0.999728 0.248303 -0.572828 -1.74851
FixedParameters: 0 0 0

#Transform 66
Transform: AffineTransform_float_3_3
Parameters: 0.999993 -0.00349856 0.00171254 0.00353445 0.999757 -0.0217591 -0.00163647 0.0217649 0.999762 0.230841 -0.684619 -1.77402
FixedParameters: 0 0 0

#Transform 67
Transform: AffineTransform_float_3_3
Parameters: 0.999992 -0.00374693 0.00144655 0.00378108 0.999697 -0.0243167 -0.00135545 0.0243223 0.999704 0.247558 -0.755313 -2.14124
FixedParameters: 0 0 0

#Transform 68
Transform: AffineTransform_float_3_3
Parameters: 0.999988 -0.00448505 0.00185165 0.00452895 0.999704 -0.0238799 -0.00174433 0.0238881 0.999713 0.243422 -0.825502 -2.13341
FixedParameters: 0 0 0

#Transform 69
Transform: AffineTransform_float_3_3
Parameters: 0.99999 -0.0042295 0.00186494 0.00427347 0.999703 -0.0239713 -0.00176205 0.0239797 0.999711 0.229866 -0.79909 -2.14721
FixedParameters: 0 0 0

#Transform 70
Transform: AffineTransform_float_3_3
Parameters: 0.999994 -0.00320965 0.00135046 0.00323736 0.999762 -0.0215398 -0.00128156 0.0215442 0.999767 0.230967 -0.770871 -2.0738
FixedParameters: 0 0 0

#Transform 71
Transform: AffineTransform_float_3_3
Parameters: 0.999994 -0.00320862 0.00131321 0.0032374 0.99973 -0.0230189 -0.0012398 0.0230231 0.999734 0.248378 -0.756026 -2.14613
FixedParameters: 0 0 0

#Transform 72
Transform: AffineTransform_float_3_3
Parameters: 0.999993 -0.00354542 0.00117078 0.00357258 0.999716 -0.023537 -0.00108721 0.023541 0.999723 0.259585 -0.845886 -2.31356
FixedParameters: 0 0 0

#Transform 73
Transform: AffineTransform_float_3_3
Parameters: 0.999992 -0.00364265 0.00127235 0.00367234 0.999708 -0.0238785 -0.00118464 0.0238835 0.999714 0.256663 -0.835716 -2.32038
FixedParameters: 0 0 0

#Transform 74
Transform: AffineTransform_float_3_3
Parameters: 0.999992 -0.00363991 0.00128295 0.00367209 0.999656 -0.0259645 -0.00118805 0.0259685 0.999662 0.236642 -0.918841 -2.20806
FixedParameters: 0 0 0

#Transform 75
Transform: AffineTransform_float_3_3
Parameters: 0.999987 -0.00484279 0.00103887 0.00486122 0.999821 -0.0183132 -0.000950123 0.0183178 0.999832 0.179492 -0.482029 -2.38757
FixedParameters: 0 0 0

#Transform 76
Transform: AffineTransform_float_3_3
Parameters: 0.999956 -0.00895856 -0.00272883 0.00904444 0.999397 0.0335078 0.00242719 -0.0335312 0.999434 -0.0202619 0.50447 -0.782548
FixedParameters: 0 0 0

#Transform 77
Transform: AffineTransform_float_3_3
Parameters: 0.999986 -0.00407388 0.00324025 0.0040241 0.999875 0.0152552 -0.00330275 -0.0152428 0.999879 -0.332511 0.179221 -1.51486
FixedParameters: 0 0 0

#Transform 78
Transform: AffineTransform_float_3_3
Parameters: 0.999988 -0.00354945 0.00322424 0.00351155 0.999927 0.0115485 -0.00326475 -0.0115365 0.999928 -0.310238 0.176633 -1.7988
FixedParameters: 0 0 0

#Transform 79
Transform: AffineTransform_float_3_3
Parameters: 0.99999 -0.00338934 0.00274767 0.00340566 0.999975 -0.0060807 -0.00272732 0.0060903 0.999977 -0.241743 -0.281616 -2.31089
FixedParameters: 0 0 0

#Transform 80
Transform: AffineTransform_float_3_3
Parameters: 0.99999 -0.00346526 0.00283979 0.00348274 0.999975 -0.00626618 -0.00281822 0.00627583 0.999977 -0.218373 -0.324606 -2.60385
FixedParameters: 0 0 0

#Transform 81
Transform: AffineTransform_float_3_3
Parameters: 0.999978 -0.00634372 0.00154437 0.00638626 0.999555 -0.0291127 -0.00135862 0.0291222 0.999575 -0.0851929 -0.342533 -2.81152
FixedParameters: 0 0 0

#Transform 82
Transform: AffineTransform_float_3_3
Parameters: 0.999979 -0.00570752 0.00320453 0.0057725 0.999766 -0.0208119 -0.00308548 0.0208301 0.999779 -0.141578 -0.587367 -2.29135
FixedParameters: 0 0 0

#Transform 83
Transform: AffineTransform_float_3_3
Parameters: 0.999993 -0.00258119 0.00268969 0.00263879 0.999769 -0.021335 -0.00263329 0.0213419 0.999769 -0.220807 -0.602213 -2.66075
FixedParameters: 0 0 0

#Transform 84
Transform: AffineTransform_float_3_3
Parameters: 0.999994 -0.00280889 0.00232925 0.00285311 0.999813 -0.0191565 -0.00227475 0.0191635 0.999814 -0.199925 -0.48837 -2.51735
FixedParameters: 0 0 0

#Transform 85
Transform: AffineTransform_float_3_3
Parameters: 0.999994 -0.00276546 0.00199941 0.00280455 0.999805 -0.0195355 -0.00194557 0.0195415 0.999807 -0.230404 -0.518985 -2.53835
FixedParameters: 0 0 0

#Transform 86
Transform: AffineTransform_float_3_3
Parameters: 0.999997 -0.00254119 7.47125e-05 0.00254182 0.999893 -0.0144439 -3.82922e-05 0.0144431 0.999895 -0.242295 -0.417542 -2.07868
FixedParameters: 0 0 0

#Transform 87
Transform: AffineTransform_float_3_3
Parameters: 0.999995 -0.00179008 -0.00267446 0.00175893 0.999932 -0.0115768 0.00269454 0.0115722 0.99993 -0.281059 -0.373181 -2.13138
FixedParameters: 0 0 0

#Transform 88
Transform: AffineTransform_float_3_3
Parameters: 0.999995 -0.00275895 0.00150699 0.00278205 0.999876 -0.0155139 -0.00146401 0.0155181 0.999879 -0.198203 -0.25251 -2.65495
FixedParameters: 0 0 0

#Transform 89
Transform: AffineTransform_float_3_3
Parameters: 0.999992 -0.0031374 0.00247835 0.00317459 0.999877 -0.0153152 -0.00242965 0.0153227 0.999879 -0.189504 -0.482693 -2.6233
FixedParameters: 0 0 0

#Transform 90
Transform: AffineTransform_float_3_3
Parameters: 0.999992 -0.00313123 0.00268393 0.00317478 0.99986 -0.0164626 -0.00263208 0.0164714 0.999861 -0.193588 -0.533083 -2.68818
FixedParameters: 0 0 0

#Transform 91
Transform: AffineTransform_float_3_3
Parameters: 0.99999 -0.00319171 0.00288558 0.00325427 0.999749 -0.0221998 -0.00281343 0.0222092 0.99975 -0.205334 -0.69292 -2.81457
FixedParameters: 0 0 0

#Transform 92
Transform: AffineTransform_float_3_3
Parameters: 0.999989 -0.00310131 0.00369512 0.00317469 0.999793 -0.0201065 -0.00363188 0.0201185 0.999791 -0.202602 -0.593826 -2.74418
FixedParameters: 0 0 0

#Transform 93
Transform: AffineTransform_float_3_3
Parameters: 0.999998 -0.00111218 0.00198038 0.00114581 0.999852 -0.0171578 -0.00196063 0.0171602 0.999851 -0.310409 -0.836748 -2.67759
FixedParameters: 0 0 0

#Transform 94
Transform: AffineTransform_float_3_3
Parameters: 0.999992 -0.000448321 0.00409302 0.000546679 0.999709 -0.02414 -0.00408099 0.024142 0.9997 -0.375947 -0.217442 -2.57143
FixedParameters: 0 0 0

#Transform 95
Transform: AffineTransform_float_3_3
Parameters: 0.999984 -0.0011466 0.00551709 0.00126939 0.999748 -0.0224143 -0.00548992 0.0224216 0.999733 -0.362289 -0.641495 -2.56711
FixedParameters: 0 0 0

#Transform 96
Transform: AffineTransform_float_3_3
Parameters: 0.999975 -0.00159828 0.00690136 0.00173971 0.999786 -0.0205785 -0.00686665 0.0205895 0.999765 -0.320908 -0.53971 -2.67439
FixedParameters: 0 0 0

#Transform 97
Transform: AffineTransform_float_3_3
Parameters: 0.99996 -0.00100966 0.0088342 0.00118834 0.999795 -0.0202063 -0.00881178 0.0202157 0.999757 -0.295743 -0.602346 -2.80562
FixedParameters: 0 0 0

#Transform 98
Transform: AffineTransform_float_3_3
Parameters: 0.999987 -0.000570954 0.00521129 0.00066604 0.999833 -0.0182548 -0.00519971 0.0182582 0.99982 -0.358182 -0.552401 -2.98871
FixedParameters: 0 0 0

#Transform 99
Transform: AffineTransform_float_3_3
Parameters: 0.999997 -0.00224448 0.00107246 0.00227854 0.999441 -0.0333517 -0.000997561 0.0333533 0.999443 -0.400782 -0.893364 -2.77527
FixedParameters: 0 0 0

#Transform 100
Transform: AffineTransform_float_3_3
Parameters: 0.999995 -0.00228481 0.00214585 0.00225919 0.999926 0.0119519 -0.00217315 -0.0119471 0.999927 -0.368078 0.519384 -1.58512
FixedParameters: 0 0 0

#Transform 101
Transform: AffineTransform_float_3_3
Parameters: 0.999999 -0.000198676 0.00183641 0.000228317 0.999873 -0.0159816 -0.00183258 0.0159824 0.99987 -0.360652 -0.594029 -2.44508
FixedParameters: 0 0 0

#Transform 102
Transform: AffineTransform_float_3_3
Parameters: 0.999992 -6.77395e-05 0.00400996 0.000110263 0.999942 -0.0107896 -0.00400904 0.0107894 0.999934 -0.326942 -0.321688 -2.61565
FixedParameters: 0 0 0

#Transform 103
Transform: AffineTransform_float_3_3
Parameters: 0.999988 -0.00395111 0.00312831 0.00403288 0.999637 -0.0266187 -0.00302169 0.0266313 0.999641 -0.32662 -0.655313 -3.1536
FixedParameters: 0 0 0

#Transform 104
Transform: AffineTransform_float_3_3
Parameters: 0.999984 -0.00534065 -0.00145998 0.00531835 0.999882 -0.014453 0.00153701 0.014445 0.999895 -0.33362 -0.557968 -1.59927
FixedParameters: 0 0 0

#Transform 105
Transform: AffineTransform_float_3_3
Parameters: 0.999992 -0.00175404 0.00374753 0.00182597 0.999813 -0.0192863 -0.00371347 0.0192937 0.999807 -0.39573 -0.376653 -2.38804
FixedParameters: 0 0 0

#Transform 106
Transform: AffineTransform_float_3_3
Parameters: 0.999983 -0.000704194 0.00590684 0.000867785 0.999614 -0.0277754 -0.00588417 0.0277796 0.999596 -0.307444 -0.67768 -2.76688
FixedParameters: 0 0 0

#Transform 107
Transform: AffineTransform_float_3_3
Parameters: 0.999985 -0.00169655 0.0052482 0.00183845 0.999626 -0.0272587 -0.00519981 0.0272672 0.999614 -0.275239 -0.633009 -3.04539
FixedParameters: 0 0 0

#Transform 108
Transform: AffineTransform_float_3_3
Parameters: 0.999985 -0.00184755 0.00520175 0.00199546 0.999592 -0.0284851 -0.00514724 0.0284949 0.99958 -0.275025 -0.854913 -3.19987
FixedParameters: 0 0 0

#Transform 109
Transform: AffineTransform_float_3_3
Parameters: 0.999989 -0.00171039 0.00432905 0.00183861 0.999552 -0.0298804 -0.00427596 0.0298886 0.999544 -0.293021 -0.816943 -3.08911
FixedParameters: 0 0 0

#Transform 110
Transform: AffineTransform_float_3_3
Parameters: 0.999982 -0.000983193 0.00593861 0.0011278 0.999705 -0.0242617 -0.00591237 0.0242673 0.999688 -0.293007 -0.743815 -3.04091
FixedParameters: 0 0 0

#Transform 111
Transform: AffineTransform_float_3_3
Parameters: 0.999985 -0.000915842 0.00551331 0.00105715 0.999671 -0.0256556 -0.00548768 0.0256604 0.999655 -0.283597 -0.666893 -3.0747
FixedParameters: 0 0 0

#Transform 112
Transform: AffineTransform_float_3_3
Parameters: 0.999983 -0.000473075 0.00580785 0.000619928 0.999679 -0.0253218 -0.00579416 0.0253252 0.999663 -0.284819 -0.750888 -3.02413
FixedParameters: 0 0 0

#Transform 113
Transform: AffineTransform_float_3_3
Parameters: 0.999985 -1.19887e-05 0.00537313 0.000152005 0.999661 -0.0260576 -0.00537086 0.0260585 0.999646 -0.287873 -0.675876 -3.02597
FixedParameters: 0 0 0

#Transform 114
Transform: AffineTransform_float_3_3
Parameters: 0.999983 -0.000399538 0.00581901 0.000547464 0.999678 -0.0253623 -0.00580698 0.0253648 0.999662 -0.296227 -0.772188 -2.97425
FixedParameters: 0 0 0

#Transform 115
Transform: AffineTransform_float_3_3
Parameters: 0.999982 -0.000730652 0.00597941 0.00087434 0.999708 -0.0241742 -0.0059596 0.0241788 0.99969 -0.283633 -0.688174 -2.92416
FixedParameters: 0 0 0

#Transform 116
Transform: AffineTransform_float_3_3
Parameters: 0.999979 -0.00054013 0.00643659 0.000682857 0.999753 -0.0222151 -0.00642242 0.0222189 0.999733 -0.276432 -0.603714 -2.89028
FixedParameters: 0 0 0

#Transform 117
Transform: AffineTransform_float_3_3
Parameters: 0.999978 -0.000151889 0.00670239 0.0002861 0.999799 -0.0200125 -0.00669762 0.0200145 0.999778 -0.284115 -0.592456 -2.65008
FixedParameters: 0 0 0

#Transform 118
Transform: AffineTransform_float_3_3
Parameters: 0.999974 -0.000327955 0.00722295 0.000456047 0.999842 -0.0177332 -0.00721604 0.0177358 0.999816 -0.295499 -0.435103 -2.68102
FixedParameters: 0 0 0

#Transform 119
Transform: AffineTransform_float_3_3
Parameters: 0.999974 0.000288421 0.00721207 -0.000162583 0.999849 -0.0173846 -0.00721592 0.0173834 0.999823 -0.287882 -0.420613 -2.69552
FixedParameters: 0 0 0

#Transform 120
Transform: AffineTransform_float_3_3
Parameters: 0.999972 0.000299632 0.00750997 -0.000171369 0.999854 -0.0171228 -0.00751404 0.0171212 0.999825 -0.286257 -0.437152 -2.67179
FixedParameters: 0 0 0

#Transform 121
Transform: AffineTransform_float_3_3
Parameters: 0.999969 0.000704135 0.00776136 -0.000574853 0.999861 -0.016628 -0.00777263 0.016623 0.999831 -0.283903 -0.427844 -2.6698
FixedParameters: 0 0 0

#Transform 122
Transform: AffineTransform_float_3_3
Parameters: 0.999965 0.000706078 0.00825984 -0.000574916 0.999874 -0.0158613 -0.00827016 0.0158557 0.99984 -0.279791 -0.353632 -2.66608
FixedParameters: 0 0 0

#Transform 123
Transform: AffineTransform_float_3_3
Parameters: 0.999965 0.00104112 0.00822858 -0.000919869 0.999892 -0.0147101 -0.00824342 0.0147019 0.999858 -0.281317 -0.386065 -2.65969
FixedParameters: 0 0 0

#Transform 124
Transform: AffineTransform_float_3_3
Parameters: 0.999967 0.000837171 0.00805823 -0.00072683 0.999904 -0.0137893 -0.00806879 0.0137827 0.999873 -0.277609 -0.313981 -2.69416
FixedParameters: 0 0 0

#Transform 125
Transform: AffineTransform_float_3_3
Parameters: 0.999965 0.000690098 0.00840234 -0.000574905 0.999906 -0.0136933 -0.00841066 0.0136877 0.999871 -0.280301 -0.355649 -2.70352
FixedParameters: 0 0 0

#Transform 126
Transform: AffineTransform_float_3_3
Parameters: 0.999965 0.000691189 0.00839725 -0.000574813 0.999904 -0.0138313 -0.00840576 0.0138257 0.999869 -0.285021 -0.347069 -2.7431
FixedParameters: 0 0 0

#Transform 127
Transform: AffineTransform_float_3_3
Parameters: 0.999961 0.000705246 0.00882956 -0.000574765 0.999891 -0.0147447 -0.00883843 0.0147394 0.999853 -0.293274 -0.373485 -2.61096
FixedParameters: 0 0 0

#Transform 128
Transform: AffineTransform_float_3_3
Parameters: 0.999958 0.00114915 0.00901494 -0.000979851 0.999821 -0.0188556 -0.00903508 0.0188464 0.999782 -0.360069 -0.337238 -2.18134
FixedParameters: 0 0 0

#Transform 129
Transform: AffineTransform_float_3_3
Parameters: 0.99995 0.000547401 0.00992098 -0.000375602 0.999849 -0.0173706 -0.00992902 0.0173664 0.9998 -0.315238 -0.442364 -2.39522
FixedParameters: 0 0 0

#Transform 130
Transform: AffineTransform_float_3_3
Parameters: 0.999948 0.00075784 0.0101126 -0.000587173 0.999858 -0.0168858 -0.0101234 0.0168792 0.999807 -0.310853 -0.359109 -2.46631
FixedParameters: 0 0 0

#Transform 131
Transform: AffineTransform_float_3_3
Parameters: 0.999955 0.00136881 0.00931482 -0.00121619 0.999865 -0.0163911 -0.00933618 0.0163789 0.999823 -0.328539 -0.402853 -2.50187
FixedParameters: 0 0 0

#Transform 132
Transform: AffineTransform_float_3_3
Parameters: 0.999956 0.00137264 0.00934534 -0.00121637 0.999859 -0.0167461 -0.00936668 0.0167339 0.999816 -0.319433 -0.339181 -2.5297
FixedParameters: 0 0 0

#Transform 133
Transform: AffineTransform_float_3_3
Parameters: 0.999962 0.00163706 0.00854163 -0.00150994 0.999889 -0.0148605 -0.00856538 0.0148465 0.999853 -0.315836 -0.327341 -2.54066
FixedParameters: 0 0 0

#Transform 134
Transform: AffineTransform_float_3_3
Parameters: 0.99996 0.0018907 0.00874215 -0.0017573 0.999882 -0.015276 -0.00876985 0.01526 0.999845 -0.324225 -0.367795 -2.52167
FixedParameters: 0 0 0

#Transform 135
Transform: AffineTransform_float_3_3
Parameters: 0.999966 0.0013749 0.00815669 -0.00125509 0.999892 -0.0146877 -0.00817631 0.0146763 0.999859 -0.305609 -0.351541 -2.61381
FixedParameters: 0 0 0

#Transform 136
Transform: AffineTransform_float_3_3
Parameters: 0.999974 0.00136443 0.0069815 -0.00125557 0.999876 -0.0156552 -0.00700151 0.0156458 0.999853 -0.338115 -0.367089 -2.67853
FixedParameters: 0 0 0

#Transform 137
Transform: AffineTransform_float_3_3
Parameters: 0.999974 0.00163862 0.00704209 -0.00154638 0.999912 -0.0131382 -0.00706292 0.0131268 0.999889 -0.285127 -0.285758 -2.78207
FixedParameters: 0 0 0

#Transform 138
Transform: AffineTransform_float_3_3
Parameters: 0.999991 0.000373039 0.00435293 -0.000321958 0.999932 -0.0117205 -0.00435707 0.0117185 0.999922 -0.301776 -0.275267 -2.74614
FixedParameters: 0 0 0

#Transform 139
Transform: AffineTransform_float_3_3
Parameters: 0.999985 0.000699953 0.00542143 -0.000630042 0.999916 -0.0128936 -0.00543058 0.0128904 0.999902 -0.304456 -0.410333 -2.68633
FixedParameters: 0 0 0

#Transform 140
Transform: AffineTransform_float_3_3
Parameters: 0.999957 -0.00245441 0.00893565 0.0026826 0.99967 -0.0255481 -0.00887033 0.0255709 0.999633 -0.245097 -0.623231 -2.69704
FixedParameters: 0 0 0

#Transform 141
Transform: AffineTransform_float_3_3
Parameters: 0.999967 -0.000174593 0.00812406 0.000359413 0.999742 -0.0227038 -0.00811793 0.0227052 0.999709 -0.287597 -0.491526 -2.84481
FixedParameters: 0 0 0

#Transform 142
Transform: AffineTransform_float_3_3
Parameters: 0.999969 0.00100256 0.00790254 -0.000872457 0.999864 -0.0165064 -0.00791748 0.0164996 0.999833 -0.300301 -0.460402 -2.89823
FixedParameters: 0 0 0

#Transform 143
Transform: AffineTransform_float_3_3
Parameters: 0.999966 0.000263693 0.00827085 -0.0001323 0.999874 -0.0159196 -0.00827415 0.0159174 0.999839 -0.28711 -0.39136 -2.7241
FixedParameters: 0 0 0

#Transform 144
Transform: AffineTransform_float_3_3
Parameters: 0.999966 -0.000396111 0.00832145 0.000574879 0.999768 -0.021506 -0.00831056 0.02151 0.999734 -0.291435 -0.506713 -2.71573
FixedParameters: 0 0 0

#Transform 145
Transform: AffineTransform_float_3_3
Parameters: 0.99999 -0.00315764 0.00312327 0.00323636 0.999672 -0.0254121 -0.00304172 0.0254219 0.999672 -0.348495 -0.735319 -2.91514
FixedParameters: 0 0 0

#Transform 146
Transform: AffineTransform_float_3_3
Parameters: 0.999994 -0.000394695 -0.00365262 0.000372301 0.99998 -0.0062124 0.00365538 0.0062106 0.999974 -0.334086 -0.0352626 -2.34772
FixedParameters: 0 0 0

#Transform 147
Transform: AffineTransform_float_3_3
Parameters: 0.999997 0.000632604 0.00230259 -0.000604391 0.999928 -0.0119694 -0.0023104 0.0119676 0.999925 -0.302192 -0.21124 -2.49958
FixedParameters: 0 0 0

#Transform 148
Transform: AffineTransform_float_3_3
Parameters: 0.999968 -0.000483945 0.00789184 0.000624063 0.999842 -0.0177546 -0.00788216 0.0177584 0.999811 -0.226128 -0.3114 -2.50831
FixedParameters: 0 0 0

#Transform 149
Transform: AffineTransform_float_3_3
Parameters: 0.999976 0.000604857 0.0068924 -0.00051115 0.999907 -0.0136108 -0.00689959 0.0136072 0.999883 -0.243239 -0.191945 -2.6087
FixedParameters: 0 0 0

#Transform 150
Transform: AffineTransform_float_3_3
Parameters: 0.999976 0.000520195 0.00681171 -0.000429812 0.999913 -0.0132362 -0.00681728 0.0132328 0.999889 -0.24319 -0.178547 -2.62862
FixedParameters: 0 0 0

#Transform 151
Transform: AffineTransform_float_3_3
Parameters: 0.999976 0.000386294 0.00681514 -0.000288712 0.999896 -0.0144173 -0.00681987 0.0144157 0.999873 -0.232342 -0.278007 -2.49342
FixedParameters: 0 0 0

#Transform 152
Transform: AffineTransform_float_3_3
Parameters: 0.99997 0.000384865 0.00781883 -0.000288136 0.999924 -0.0123856 -0.00782317 0.0123834 0.999892 -0.236395 -0.245706 -2.40262
FixedParameters: 0 0 0

#Transform 153
Transform: AffineTransform_float_3_3
Parameters: 0.999969 -0.000670291 0.00783178 0.000765715 0.999925 -0.0122244 -0.00782322 0.0122296 0.999894 -0.205288 -0.192977 -2.68942
FixedParameters: 0 0 0

#Transform 154
Transform: AffineTransform_float_3_3
Parameters: 0.999987 -0.000941388 0.00499922 0.00101362 0.999893 -0.0145421 -0.00498578 0.0145469 0.999882 -0.273031 -0.181491 -2.70619
FixedParameters: 0 0 0

#Transform 155
Transform: AffineTransform_float_3_3
Parameters: 0.999988 -2.31009e-05 0.00487059 7.88961e-05 0.999934 -0.0114778 -0.00486942 0.0114773 0.999923 -0.239006 -0.239345 -2.85942
FixedParameters: 0 0 0

#Transform 156
Transform: AffineTransform_float_3_3
Parameters: 0.999984 -0.00077788 0.00557085 0.000852125 0.999911 -0.0133155 -0.00556015 0.0133195 0.999896 -0.171741 -0.237711 -2.95596
FixedParameters: 0 0 0

#Transform 157
Transform: AffineTransform_float_3_3
Parameters: 0.99998 -0.000313622 0.00622163 0.000394382 0.999915 -0.0130828 -0.00621737 0.0130852 0.999895 -0.251729 -0.278734 -2.61279
FixedParameters: 0 0 0

#Transform 158
Transform: AffineTransform_float_3_3
Parameters: 0.999963 0.000558999 0.00858538 -0.000445991 0.999914 -0.0131583 -0.00859261 0.0131537 0.999876 -0.219981 -0.234109 -2.70565
FixedParameters: 0 0 0

#Transform 159
Transform: AffineTransform_float_3_3
Parameters: 0.999961 -4.40812e-07 0.00874872 0.000111554 0.999918 -0.0127515 -0.00874729 0.0127515 0.999881 -0.216466 -0.286552 -2.75439
FixedParameters: 0 0 0

#Transform 160
Transform: AffineTransform_float_3_3
Parameters: 0.999959 0.000275841 0.00911953 -0.000112171 0.99984 -0.0178518 -0.00912246 0.0178502 0.999799 -0.220531 -0.302398 -2.58754
FixedParameters: 0 0 0

#Transform 161
Transform: AffineTransform_float_3_3
Parameters: 0.999954 -0.000340456 0.00960098 0.000500554 0.999861 -0.016621 -0.009594 0.016624 0.999816 -0.220178 -0.425262 -2.59829
FixedParameters: 0 0 0

#Transform 162
Transform: AffineTransform_float_3_3
Parameters: 0.999948 -0.000114268 0.0101845 0.000254726 0.999905 -0.0138181 -0.0101814 0.0138199 0.999852 -0.220086 -0.183869 -2.88343
FixedParameters: 0 0 0

#Transform 163
Transform: AffineTransform_float_3_3
Parameters: 0.999952 8.03939e-05 0.00973982 5.43977e-05 0.999904 -0.0139001 -0.00974018 0.0138999 0.999856 -0.226061 -0.340548 -2.84619
FixedParameters: 0 0 0

#Transform 164
Transform: AffineTransform_float_3_3
Parameters: 0.999958 0.000283855 0.00913786 -0.000152143 0.999896 -0.014427 -0.00914115 0.014425 0.999854 -0.231082 -0.296515 -2.96921
FixedParameters: 0 0 0

#Transform 165
Transform: AffineTransform_float_3_3
Parameters: 0.999958 0.00124264 0.00915468 -0.00112437 0.999916 -0.0129529 -0.00916933 0.0129422 0.999874 -0.224578 -0.28612 -2.99649
FixedParameters: 0 0 0

#Transform 166
Transform: AffineTransform_float_3_3
Parameters: 0.999953 -3.0799e-05 0.00968376 0.000233213 0.999782 -0.0208807 -0.00968124 0.0208813 0.999735 -0.275121 -0.540098 -3.13221
FixedParameters: 0 0 0

#Transform 167
Transform: AffineTransform_float_3_3
Parameters: 0.999937 -0.00319951 0.0107714 0.0034405 0.999743 -0.0223824 -0.0106976 0.0224186 0.999692 -0.214716 -0.504628 -3.08963
FixedParameters: 0 0 0

#Transform 168
Transform: AffineTransform_float_3_3
Parameters: 0.999981 0.00310026 0.00529791 -0.00304974 0.999951 -0.00946934 -0.00532709 0.00945267 0.999941 -0.441312 -0.0978468 -2.8975
FixedParameters: 0 0 0

#Transform 169
Transform: AffineTransform_float_3_3
Parameters: 0.999974 0.00156158 0.00714451 -0.00144041 0.999854 -0.0169907 -0.0071705 0.0169803 0.99983 -0.351806 -0.4057 -3.23902
FixedParameters: 0 0 0

#Transform 170
Transform: AffineTransform_float_3_3
Parameters: 0.999965 0.00409597 0.00719823 -0.00398003 0.999863 -0.0160522 -0.00726276 0.0160228 0.999845 -0.396716 -0.432952 -2.89606
FixedParameters: 0 0 0

#Transform 171
Transform: AffineTransform_float_3_3
Parameters: 0.999987 0.0025261 0.00457285 -0.0024139 0.999701 -0.0243554 -0.00463315 0.0243436 0.999693 -0.397673 -0.214498 -3.08608
FixedParameters: 0 0 0

#Transform 172
Transform: AffineTransform_float_3_3
Parameters: 0.999993 0.00228147 0.0030995 -0.00218052 0.999484 -0.032039 -0.00317148 0.032032 0.999482 -0.40983 -0.885902 -2.94835
FixedParameters: 0 0 0

#Transform 173
Transform: AffineTransform_float_3_3
Parameters: 0.999996 -0.00105384 0.00263923 0.00109617 0.999871 -0.0160252 -0.00262277 0.0160288 0.999868 -0.425527 -0.865697 -2.94342
FixedParameters: 0 0 0

#Transform 174
Transform: AffineTransform_float_3_3
Parameters: 0.99998 0.002704 0.00573753 -0.00261199 0.999869 -0.0159833 -0.00578046 0.0159677 0.999856 -0.390787 0.0283626 -2.83597
FixedParameters: 0 0 0

#Transform 175
Transform: AffineTransform_float_3_3
Parameters: 0.999975 0.00152726 0.00689101 -0.00138472 0.999787 -0.0206021 -0.00692199 0.0205919 0.999764 -0.35622 -0.568478 -3.14827
FixedParameters: 0 0 0

#Transform 176
Transform: AffineTransform_float_3_3
Parameters: 0.999975 -0.00151829 0.00699105 0.00181075 0.999113 -0.0420544 -0.00692197 0.0420666 0.999091 -0.31934 -1.05587 -4.15199
FixedParameters: 0 0 0

#Transform 177
Transform: AffineTransform_float_3_3
Parameters: 0.999859 0.00184666 0.0167266 -0.00120537 0.999266 -0.0382906 -0.0167844 0.0382654 0.999126 -0.876829 -1.52004 -1.44507
FixedParameters: 0 0 0

#Transform 178
Transform: AffineTransform_float_3_3
Parameters: 0.999603 0.00936827 0.0265659 -0.00867574 0.999623 -0.0260548 -0.0268001 0.0258142 0.999308 -1.12178 -0.262567 -1.16668
FixedParameters: 0 0 0

#Transform 179
Transform: AffineTransform_float_3_3
Parameters: 0.999696 0.0126363 0.0211785 -0.0120238 0.999513 -0.0287914 -0.0215315 0.0285286 0.999361 -1.08688 -0.46463 -2.05931
FixedParameters: 0 0 0

#Transform 180
Transform: AffineTransform_float_3_3
Parameters: 0.99969 0.0125124 0.0215585 -0.0121026 0.999746 -0.0190158 -0.0217905 0.0187492 0.999586 -1.0456 -0.314028 -1.99025
FixedParameters: 0 0 0

#Transform 181
Transform: AffineTransform_float_3_3
Parameters: 0.999787 0.00841664 0.0188355 -0.00783737 0.9995 -0.0306391 -0.0190835 0.0304849 0.999353 -0.812309 -0.741047 -2.6288
FixedParameters: 0 0 0

#Transform 182
Transform: AffineTransform_float_3_3
Parameters: 0.999753 0.00774437 0.0208239 -0.00745061 0.999871 -0.0141776 -0.0209311 0.0140184 0.999682 -0.885097 0.0172985 -1.54329
FixedParameters: 0 0 0

#Transform 183
Transform: AffineTransform_float_3_3
Parameters: 0.999762 0.00814157 0.0202675 -0.00800242 0.999944 -0.00695885 -0.0203225 0.00679416 0.999771 -0.755335 -0.0687271 -1.25664
FixedParameters: 0 0 0

#Transform 184
Transform: AffineTransform_float_3_3
Parameters: 0.999671 0.0102652 0.023516 -0.00973576 0.999699 -0.0225104 -0.02374 0.0222736 0.99947 -0.766154 -0.14644 -1.58056
FixedParameters: 0 0 0

#Transform 185
Transform: AffineTransform_float_3_3
Parameters: 0.999685 0.00958854 0.0231648 -0.00916848 0.999793 -0.0181491 -0.0233342 0.0179319 0.999567 -0.709557 -0.124563 -1.93834
FixedParameters: 0 0 0

#Transform 186
Transform: AffineTransform_float_3_3
Parameters: 0.999725 0.00778189 0.0221281 -0.00736311 0.999794 -0.0189491 -0.0222709 0.0187809 0.999575 -0.667186 -0.230505 -2.17176
FixedParameters: 0 0 0

#Transform 187
Transform: AffineTransform_float_3_3
Parameters: 0.999721 0.00946427 0.0216729 -0.00925973 0.999912 -0.00950634 -0.0217611 0.00930265 0.99972 -0.72409 -0.129475 -1.82789
FixedParameters: 0 0 0

#Transform 188
Transform: AffineTransform_float_3_3
Parameters: 0.999677 0.00978551 0.0234484 -0.0094545 0.999855 -0.0142073 -0.0235836 0.0139807 0.999624 -0.687485 -0.0881837 -2.06658
FixedParameters: 0 0 0

#Transform 189
Transform: AffineTransform_float_3_3
Parameters: 0.999675 0.00987591 0.0234845 -0.00963608 0.999901 -0.0103076 -0.0235834 0.0100774 0.999671 -0.727687 -0.1963 -1.93767
FixedParameters: 0 0 0

#Transform 190
