#Insight Transform File V1.0
#Transform 0
Transform: AffineTransform_float_3_3
Parameters: 0.999996 -6.42423e-06 -0.00288599 -4.24278e-07 0.999997 -0.00222601 0.00288601 0.00222599 0.999994 0.165669 0.0186101 -0.120152
FixedParameters: 0 0 0

#Transform 1
Transform: AffineTransform_float_3_3
Parameters: 0.999997 6.58087e-05 -0.00250242 -0.0001072 0.999865 -0.0164638 0.00250157 0.0164642 0.999862 0.136043 1.00189 -0.595678
FixedParameters: 0 0 0

#Transform 2
Transform: AffineTransform_float_3_3
Parameters: 0.999996 -0.000117192 -0.00261757 7.88181e-05 0.999893 -0.0145853 0.00261843 0.0145857 0.99989 0.148836 0.886342 -0.514091
FixedParameters: 0 0 0

#Transform 3
Transform: AffineTransform_float_3_3
Parameters: 0.999998 -0.000121439 -0.00160146 9.95691e-05 0.999902 -0.0140032 0.00160255 0.0140038 0.9999 0.0653519 0.947531 -0.518762
FixedParameters: 0 0 0

#Transform 4
Transform: AffineTransform_float_3_3
Parameters: 1 5.06338e-05 -3.25764e-05 -5.1371e-05 0.999935 -0.011342 3.24194e-05 0.011342 0.999935 -0.0524372 0.670227 -0.378554
FixedParameters: 0 0 0

#Transform 5
Transform: AffineTransform_float_3_3
Parameters: 1 0.000437817 -0.000463914 -0.000443185 0.99991 -0.0134138 0.000458097 0.0134132 0.99991 -0.029942 0.879385 -0.493968
FixedParameters: 0 0 0

#Transform 6
Transform: AffineTransform_float_3_3
Parameters: 1 0.000863325 -0.000760643 -0.000869669 0.99996 -0.00881834 0.000752359 0.00881965 0.999961 -0.00951814 0.526633 -0.318661
FixedParameters: 0 0 0

#Transform 7
Transform: AffineTransform_float_3_3
Parameters: 1 0.00115155 0.00039769 -0.00114945 0.999979 -0.00635546 -0.000405313 0.00635454 0.999979 -0.0771069 0.42481 -0.204653
FixedParameters: 0 0 0

#Transform 8
Transform: AffineTransform_float_3_3
Parameters: 0.99997 -0.000689369 -0.00770165 0.000779631 0.999931 0.0117704 0.00769336 -0.0117767 0.999901 0.661608 0.0579945 1.44861
FixedParameters: 0 0 0

#Transform 9
Transform: AffineTransform_float_3_3
Parameters: 0.999977 0.000905645 -0.00669925 -0.00081436 0.999906 0.0136698 0.00671076 -0.0136642 0.999884 0.449359 -0.458759 1.19374
FixedParameters: 0 0 0

#Transform 10
Transform: AffineTransform_float_3_3
Parameters: 0.999975 0.00141869 -0.0069225 -0.0013203 0.999897 0.0142405 0.0069425 -0.0142305 0.999874 0.439535 -0.557426 0.945571
FixedParameters: 0 0 0

#Transform 11
Transform: AffineTransform_float_3_3
Parameters: 0.99998 0.000205238 -0.00639844 -9.67531e-05 0.999857 0.016912 0.00640155 -0.016911 0.999836 0.430875 -0.842919 0.877822
FixedParameters: 0 0 0

#Transform 12
Transform: AffineTransform_float_3_3
Parameters: 0.999978 -0.000625228 -0.0065845 0.000708763 0.999918 0.0127276 0.00657551 -0.0127324 0.999898 0.460546 -0.607946 0.782776
FixedParameters: 0 0 0

#Transform 13
Transform: AffineTransform_float_3_3
Parameters: 0.999995 0.000399605 -0.00308828 -0.0003784 0.999976 0.0069922 0.00309072 -0.0069918 0.999971 0.178153 -0.445249 0.250029
FixedParameters: 0 0 0

#Transform 14
Transform: AffineTransform_float_3_3
Parameters: 0.999999 0.000919858 -0.000962326 -0.000916142 0.999991 0.00400288 0.000965673 -0.00400111 0.999991 0.0235455 -0.288461 0.0976041
FixedParameters: 0 0 0

#Transform 15
Transform: AffineTransform_float_3_3
Parameters: 1 0.000424371 -0.000267412 -0.000424628 0.999999 0.00138511 0.000268588 -0.00138489 0.999999 0.0270402 -0.101693 0.0276669
FixedParameters: 0 0 0

#Transform 16
Transform: AffineTransform_float_3_3
Parameters: 1 -6.38077e-05 -0.000510024 6.41922e-05 1 0.000376967 0.000509976 -0.000377032 1 0.0535349 -0.056419 0.0534274
FixedParameters: 0 0 0

#Transform 17
Transform: AffineTransform_float_3_3
Parameters: 1 0.000396213 -0.000193565 -0.000395787 1 0.00109808 0.000194435 -0.00109892 1 -0.0103086 -0.109778 0.0359295
FixedParameters: 0 0 0

#Transform 18
Transform: AffineTransform_float_3_3
Parameters: 1 -6.3711e-05 -0.000391047 6.42889e-05 0.999999 0.000738974 0.000390952 -0.000739025 0.999999 0.0157184 -0.0308387 0.0257165
FixedParameters: 0 0 0

#Transform 19
Transform: AffineTransform_float_3_3
Parameters: 1 -0.000314017 6.3918e-05 0.000313984 1 0.00026102 -6.30819e-05 -0.00026098 1 0.00421552 -0.0128232 0.00403291
FixedParameters: 0 0 0

#Transform 20
Transform: AffineTransform_float_3_3
Parameters: 1 -6.39905e-05 6.40095e-05 6.40095e-05 1 -0.000148996 -6.39905e-05 0.000149004 1 -0.00181813 0.00124301 -0.00943408
FixedParameters: 0 0 0

#Transform 21
Transform: AffineTransform_float_3_3
Parameters: 0.999999 0.000873111 -0.000344719 -0.000872888 0.999999 0.000322301 0.000345282 -0.000322698 1 -0.0274128 0.000387375 0.017487
FixedParameters: 0 0 0

#Transform 22
Transform: AffineTransform_float_3_3
Parameters: 1 0.000392091 -8.4579e-05 -0.000391909 1 0.00107403 8.5421e-05 -0.00107397 1 -0.0190897 -0.0552545 -0.0229465
FixedParameters: 0 0 0

#Transform 23
Transform: AffineTransform_float_3_3
Parameters: 1 0.000393147 0.00029146 -0.000391855 0.999992 -0.00392312 -0.00029254 0.00392389 0.999993 -0.0244792 0.221443 -0.172606
FixedParameters: 0 0 0

#Transform 24
Transform: AffineTransform_float_3_3
Parameters: 0.999999 -0.000637485 0.00173943 0.000673526 0.99979 -0.0204939 -0.00172656 0.0204951 0.999789 -0.0702097 1.3689 -0.753351
FixedParameters: 0 0 0

#Transform 25
Transform: AffineTransform_float_3_3
Parameters: 0.999997 0.0006791 0.00241199 -0.000649899 0.999927 -0.0120456 -0.00242 0.0120434 0.999924 -0.154936 0.841964 -0.475511
FixedParameters: 0 0 0

#Transform 26
Transform: AffineTransform_float_3_3
Parameters: 1 0.000583607 0.00031074 -0.000583392 0.999999 0.00126682 -0.000309261 -0.00126718 0.999999 -0.00897948 -0.0881826 0.142888
FixedParameters: 0 0 0

#Transform 27
Transform: AffineTransform_float_3_3
Parameters: 1 0.000562834 0.0003103 -0.000563165 0.999999 0.000533825 -0.000309699 -0.000534174 1 -0.0253973 -0.0340759 -0.0150421
FixedParameters: 0 0 0

#Transform 28
Transform: AffineTransform_float_3_3
Parameters: 1 5.73383e-05 0.00101898 -5.66617e-05 1 -0.000332058 -0.00101902 0.000331942 1 -0.0486285 0.0457196 -0.0483665
FixedParameters: 0 0 0

#Transform 29
Transform: AffineTransform_float_3_3
Parameters: 0.999999 0.000498193 0.000580834 -0.000498807 1 -0.00033229 -0.000581165 0.00033171 1 -0.0269249 0.00726829 -0.0134479
FixedParameters: 0 0 0

#Transform 30
Transform: AffineTransform_float_3_3
Parameters: 0.999999 0.000447095 0.000633933 -0.000446905 1 -0.000150283 -0.000634067 0.000149717 1 -0.0297327 -0.0193288 -0.037293
FixedParameters: 0 0 0

#Transform 31
Transform: AffineTransform_float_3_3
Parameters: 0.999999 0.000545192 0.000578819 -0.000545807 1 -0.000332316 -0.000579181 0.000331684 1 -0.0280154 0.00727476 -0.0246987
FixedParameters: 0 0 0

#Transform 32
Transform: AffineTransform_float_3_3
Parameters: 0.999999 0.000547189 0.00127206 -0.000545811 0.999999 -0.0017197 -0.00127394 0.0017193 0.999997 -0.0792521 0.10976 -0.0713535
FixedParameters: 0 0 0

#Transform 33
Transform: AffineTransform_float_3_3
Parameters: 0.999999 0.000546482 0.00127236 -0.000545518 0.999999 -0.00116469 -0.00127364 0.0011643 0.999998 -0.07915 0.0988865 0.0119077
FixedParameters: 0 0 0

#Transform 34
Transform: AffineTransform_float_3_3
Parameters: 1 0.000546717 0.00105211 -0.000545283 0.999998 -0.00163157 -0.00105289 0.00163142 0.999998 -0.0704271 0.0709576 -0.00774955
FixedParameters: 0 0 0

#Transform 35
Transform: AffineTransform_float_3_3
Parameters: 1 3.52377e-05 0.00120705 -3.67622e-05 0.999999 0.00145996 -0.00120695 -0.00146004 0.999998 -0.0316852 -0.122593 0.00365474
FixedParameters: 0 0 0

#Transform 36
Transform: AffineTransform_float_3_3
Parameters: 1 0.000542775 0.000929303 -0.000545224 0.999997 0.00239549 -0.000927696 -0.0023965 0.999996 -0.0564423 -0.15749 0.035453
FixedParameters: 0 0 0

#Transform 37
Transform: AffineTransform_float_3_3
Parameters: 1 0.00112282 0.000221905 -0.00112318 0.999999 0.000805751 -0.000221096 -0.000805249 0.999999 -0.029525 -0.0999776 -0.00382325
FixedParameters: 0 0 0

#Transform 38
Transform: AffineTransform_float_3_3
Parameters: 0.999999 0.000713195 0.000363617 -0.000712804 0.999999 -0.000537259 -0.000364383 0.00053674 1 -0.038566 0.0279363 -0.081715
FixedParameters: 0 0 0

#Transform 39
Transform: AffineTransform_float_3_3
Parameters: 0.999999 0.000712914 0.000308197 -0.000713085 0.999999 0.00027678 -0.000307802 -0.000277219 1 -0.0261071 -0.0609697 -0.0315525
FixedParameters: 0 0 0

#Transform 40
Transform: AffineTransform_float_3_3
Parameters: 0.999999 0.000768932 0.000364142 -0.000769067 0.999999 0.00018472 -0.000363857 -0.00018528 1 -0.0316098 -0.0269306 -0.0158186
FixedParameters: 0 0 0

#Transform 41
Transform: AffineTransform_float_3_3
Parameters: 0.999999 0.00123675 0.000368833 -0.00123725 0.999999 0.000673544 -0.000368166 -0.000674456 0.999999 -0.0546544 -0.0529587 0.160749
FixedParameters: 0 0 0

#Transform 42
Transform: AffineTransform_float_3_3
Parameters: 0.999999 0.000824933 -4.23331e-05 -0.000825067 0.999999 -0.00161597 4.06667e-05 0.00161603 0.999998 -0.0203122 0.129837 0.0651687
FixedParameters: 0 0 0

#Transform 43
Transform: AffineTransform_float_3_3
Parameters: 0.999999 0.000826937 0.000119264 -0.000825066 0.999881 -0.0154181 -0.000131736 0.0154179 0.999881 -0.0146903 1.08446 -0.562795
FixedParameters: 0 0 0

#Transform 44
Transform: AffineTransform_float_3_3
Parameters: 1 0.00044951 0.000197183 -0.000445492 0.999847 -0.0174571 -0.000204808 0.0174569 0.999847 0.000746406 1.18346 -0.657117
FixedParameters: 0 0 0

#Transform 45
Transform: AffineTransform_float_3_3
Parameters: 1 8.38919e-05 -0.000137939 -8.70867e-05 0.999742 -0.022689 0.000135059 0.022689 0.999742 0.0529408 1.52688 -0.822203
FixedParameters: 0 0 0

#Transform 46
Transform: AffineTransform_float_3_3
Parameters: 1 0.000531211 -0.000353574 -0.000539799 0.999679 -0.0253388 0.000340432 0.0253382 0.999679 0.0375289 1.71108 -0.944644
FixedParameters: 0 0 0

#Transform 47
Transform: AffineTransform_float_3_3
Parameters: 1 0.000153653 -0.00107296 -0.000184349 0.999572 -0.0292768 0.00106806 0.0292772 0.999571 0.0899878 1.96773 -1.04562
FixedParameters: 0 0 0

#Transform 48
Transform: AffineTransform_float_3_3
Parameters: 1 0.000233796 -0.00112839 -0.000267192 0.999565 -0.0295157 0.0011206 0.0295163 0.999563 0.0922608 2.04749 -1.02012
FixedParameters: 0 0 0

#Transform 49
Transform: AffineTransform_float_3_3
Parameters: 0.999998 0.000210245 -0.00192774 -0.000271733 0.999485 -0.0320915 0.00191927 0.0320915 0.999483 0.146957 2.14684 -1.14944
FixedParameters: 0 0 0

#Transform 50
Transform: AffineTransform_float_3_3
Parameters: 0.999999 7.34358e-05 -0.00180464 -0.000135577 0.999398 -0.0346928 0.00180138 0.0346932 0.999397 0.136905 2.28747 -1.20348
FixedParameters: 0 0 0

#Transform 51
Transform: AffineTransform_float_3_3
Parameters: 0.999998 0.000247706 -0.00204291 -0.000318296 0.999389 -0.0349714 0.00203311 0.0349726 0.999386 0.159333 2.32231 -1.16354
FixedParameters: 0 0 0

#Transform 52
Transform: AffineTransform_float_3_3
Parameters: 0.999999 0.00013765 -0.00146361 -0.000187329 0.999406 -0.0344568 0.00145741 0.0344572 0.999405 0.1131 2.34872 -1.20452
FixedParameters: 0 0 0

#Transform 53
Transform: AffineTransform_float_3_3
Parameters: 0.999998 0.000351476 -0.0016218 -0.000409533 0.999344 -0.0362284 0.00160822 0.0362286 0.999342 0.12583 2.40702 -1.34231
FixedParameters: 0 0 0

#Transform 54
Transform: AffineTransform_float_3_3
Parameters: 0.999999 0.000142144 -0.00133227 -0.000191885 0.999296 -0.0374978 0.00132674 0.0374972 0.999296 0.127973 2.53642 -1.23735
FixedParameters: 0 0 0

#Transform 55
Transform: AffineTransform_float_3_3
Parameters: 0.999996 0.00133852 -0.00241048 -0.00141946 0.999431 -0.0337007 0.0023635 0.0337043 0.999429 0.18883 2.29066 -1.56641
FixedParameters: 0 0 0

#Transform 56
Transform: AffineTransform_float_3_3
Parameters: 0.999994 0.000259359 -0.00328986 -0.000380646 0.999314 -0.0370279 0.00327815 0.0370291 0.999309 0.294453 2.46816 -1.42388
FixedParameters: 0 0 0

#Transform 57
Transform: AffineTransform_float_3_3
Parameters: 0.999996 1.99035e-05 -0.00262558 -0.000118074 0.999301 -0.0373668 0.00262242 0.0373672 0.999298 0.226038 2.39343 -1.30502
FixedParameters: 0 0 0

#Transform 58
Transform: AffineTransform_float_3_3
Parameters: 0.999994 -0.000186036 -0.00325133 6.49754e-05 0.999309 -0.0371874 0.00325567 0.0371866 0.999303 0.277552 2.47257 -1.34125
FixedParameters: 0 0 0

#Transform 59
Transform: AffineTransform_float_3_3
Parameters: 0.999997 0.00193268 -0.00110897 -0.00194432 0.999945 -0.0103019 0.00108903 0.0103041 0.999947 0.0664932 0.707417 -0.289722
FixedParameters: 0 0 0

#Transform 60
Transform: AffineTransform_float_3_3
Parameters: 0.999997 0.000866166 0.00235629 -0.000855835 0.999991 -0.00431203 -0.00235971 0.00430997 0.999988 -0.203226 0.255741 -0.245886
FixedParameters: 0 0 0

#Transform 61
Transform: AffineTransform_float_3_3
Parameters: 1 0.000271374 0.000993662 -0.000247617 0.999701 -0.0244483 -0.00100035 0.0244477 0.9997 -0.0743403 1.59766 -0.839529
FixedParameters: 0 0 0

#Transform 62
Transform: AffineTransform_float_3_3
Parameters: 0.999998 0.000552865 -0.00158713 -0.00060513 0.999454 -0.0330381 0.00156786 0.0330389 0.999453 0.106201 2.25206 -1.17479
FixedParameters: 0 0 0

#Transform 63
Transform: AffineTransform_float_3_3
Parameters: 0.999998 0.000605673 -0.0014807 -0.000654336 0.99946 -0.0328581 0.00146029 0.0328589 0.999459 0.107889 2.26566 -1.06059
FixedParameters: 0 0 0

#Transform 64
Transform: AffineTransform_float_3_3
Parameters: 0.999999 0.000546564 -0.00147841 -0.000593455 0.999479 -0.0322781 0.0014606 0.0322788 0.999478 0.109323 2.12937 -1.24901
FixedParameters: 0 0 0

#Transform 65
Transform: AffineTransform_float_3_3
Parameters: 0.999998 0.000458216 -0.00186611 -0.000522781 0.999392 -0.0348651 0.0018489 0.0348659 0.999391 0.139982 2.2812 -1.23243
FixedParameters: 0 0 0

#Transform 66
Transform: AffineTransform_float_3_3
Parameters: 0.999999 0.000539521 -0.0014806 -0.000592493 0.999338 -0.0363601 0.00146042 0.0363608 0.999337 0.109488 2.38885 -1.26917
FixedParameters: 0 0 0

#Transform 67
Transform: AffineTransform_float_3_3
Parameters: 0.999998 0.000570294 -0.00178498 -0.000634707 0.999335 -0.0364619 0.00176303 0.0364631 0.999334 0.135393 2.42655 -1.35562
FixedParameters: 0 0 0

#Transform 68
Transform: AffineTransform_float_3_3
Parameters: 0.999999 0.000379429 -0.00178421 -0.000445563 0.999319 -0.0368953 0.00176876 0.0368957 0.999317 0.135914 2.41479 -1.28465
FixedParameters: 0 0 0

#Transform 69
Transform: AffineTransform_float_3_3
Parameters: 0.999998 0.000390756 -0.00200742 -0.000463229 0.999347 -0.0361151 0.00199157 0.0361158 0.999345 0.151985 2.35686 -1.21947
FixedParameters: 0 0 0

#Transform 70
Transform: AffineTransform_float_3_3
Parameters: 0.999999 0.00107214 0.00105866 -0.00103485 0.999405 -0.0344781 -0.00109533 0.0344779 0.999405 -0.0613536 2.31245 -1.28851
FixedParameters: 0 0 0

#Transform 71
Transform: AffineTransform_float_3_3
Parameters: 0.999999 0.000441056 -0.00145477 -0.000492917 0.999355 -0.0359013 0.00143723 0.0359017 0.999355 0.133777 2.40123 -1.22318
FixedParameters: 0 0 0

#Transform 72
Transform: AffineTransform_float_3_3
Parameters: 1 0.000448421 0.000401378 -0.000432594 0.999199 -0.0400152 -0.000418646 0.0400158 0.999199 0.0335081 2.74384 -1.38866
FixedParameters: 0 0 0

#Transform 73
Transform: AffineTransform_float_3_3
Parameters: 0.999998 0.000161301 -0.00172874 -0.000236711 0.999037 -0.0438787 0.00172027 0.0438784 0.999036 0.171752 2.83551 -1.27907
FixedParameters: 0 0 0

#Transform 74
Transform: AffineTransform_float_3_3
Parameters: 0.999996 -0.000554104 -0.00274208 0.000496897 0.999784 -0.0207824 0.00275292 0.0207806 0.999781 0.233525 1.41333 -0.582812
FixedParameters: 0 0 0

#Transform 75
Transform: AffineTransform_float_3_3
Parameters: 0.999998 -0.000479629 -0.00189673 0.000436365 0.999748 -0.0224119 0.00190726 0.0224111 0.999747 0.188822 1.47604 -0.686808
FixedParameters: 0 0 0

#Transform 76
Transform: AffineTransform_float_3_3
Parameters: 0.999999 -0.00022392 -0.00175085 0.000169075 0.99951 -0.0313054 0.00175716 0.0313047 0.999509 0.198111 2.07388 -1.02257
FixedParameters: 0 0 0

#Transform 77
Transform: AffineTransform_float_3_3
Parameters: 0.999995 -0.000781809 0.00327498 0.000865193 0.999675 -0.0254783 -0.00325401 0.0254807 0.99967 -0.213748 1.7048 -1.244
FixedParameters: 0 0 0

#Transform 78
Transform: AffineTransform_float_3_3
Parameters: 0.999997 0.000796533 0.00238661 -0.000725457 0.999567 -0.0294098 -0.00240938 0.0294082 0.999564 -0.159834 2.05027 -1.01836
FixedParameters: 0 0 0

#Transform 79
Transform: AffineTransform_float_3_3
Parameters: 0.999997 0.000281196 0.00234922 -0.000206812 0.999489 -0.0319476 -0.00235681 0.0319474 0.999487 -0.158809 2.04339 -1.1166
FixedParameters: 0 0 0

#Transform 80
Transform: AffineTransform_float_3_3
Parameters: 0.999948 0.00490351 0.00895236 -0.00452347 0.999111 -0.0419307 -0.00915062 0.0418883 0.999081 -0.949943 2.83835 -1.38679
FixedParameters: 0 0 0

#Transform 81
Transform: AffineTransform_float_3_3
Parameters: 0.999904 0.00263622 0.0136494 -0.00206081 0.999116 -0.0419852 -0.0137476 0.0419538 0.999025 -1.18308 2.88336 -1.37374
FixedParameters: 0 0 0

#Transform 82
Transform: AffineTransform_float_3_3
Parameters: 0.999959 0.00221363 0.00878553 -0.00190235 0.999378 -0.0352092 -0.00885846 0.0351909 0.999342 -0.763448 2.5212 -1.14483
FixedParameters: 0 0 0

#Transform 83
Transform: AffineTransform_float_3_3
Parameters: 0.999965 0.00258613 0.00802692 -0.00236087 0.999607 -0.0279309 -0.00809608 0.027911 0.999577 -0.721211 1.88422 -0.858674
FixedParameters: 0 0 0

#Transform 84
Transform: AffineTransform_float_3_3
Parameters: 0.999982 0.00155239 0.00578247 -0.00132358 0.999227 -0.0392943 -0.00583951 0.0392856 0.999211 -0.532073 2.74325 -1.42964
FixedParameters: 0 0 0

#Transform 85
Transform: AffineTransform_float_3_3
Parameters: 0.999982 0.00144248 0.00569804 -0.00121852 0.999238 -0.0390306 -0.00574993 0.0390234 0.999222 -0.514321 2.58035 -1.3682
FixedParameters: 0 0 0

#Transform 86
Transform: AffineTransform_float_3_3
Parameters: 0.999976 0.00286487 0.00634357 -0.00269311 0.999637 -0.0267837 -0.00641841 0.0267653 0.999621 -0.577642 2.06638 -0.641567
FixedParameters: 0 0 0

#Transform 87
Transform: AffineTransform_float_3_3
Parameters: 0.999984 0.00230102 0.00512862 -0.00239799 0.999817 0.018984 -0.00508438 -0.018996 0.999806 -0.503561 -1.19139 0.729795
FixedParameters: 0 0 0

#Transform 88
Transform: AffineTransform_float_3_3
Parameters: 0.999993 0.0029506 0.00206013 -0.00298739 0.999836 0.017893 -0.00200686 -0.017899 0.999838 -0.277206 -1.14256 0.6928
FixedParameters: 0 0 0

#Transform 89
Transform: AffineTransform_float_3_3
Parameters: 0.999997 0.00197558 0.00138829 -0.00198941 0.99995 0.00972826 -0.00136871 -0.00973173 0.999951 -0.190967 -0.672273 0.403018
FixedParameters: 0 0 0

#Transform 90
Transform: AffineTransform_float_3_3
Parameters: 0.999996 0.00174559 0.00189585 -0.00175341 0.999991 0.00391369 -0.00188915 -0.00391631 0.99999 -0.218486 -0.216942 0.123302
FixedParameters: 0 0 0

#Transform 91
Transform: AffineTransform_float_3_3
Parameters: 0.999996 0.00156718 0.00204893 -0.00157082 0.999997 0.00186679 -0.00204507 -0.00186921 0.999996 -0.216771 -0.131472 0.0962427
FixedParameters: 0 0 0

#Transform 92
Transform: AffineTransform_float_3_3
Parameters: 0.999997 0.00156026 0.00201436 -0.00157074 0.999985 0.00534085 -0.00200664 -0.00534415 0.999983 -0.233011 -0.348275 -0.0132997
FixedParameters: 0 0 0

#Transform 93
Transform: AffineTransform_float_3_3
Parameters: 0.999996 0.00155669 0.00215242 -0.00157031 0.999976 0.00666264 -0.00214158 -0.00666635 0.999975 -0.245562 -0.489077 0.00591071
FixedParameters: 0 0 0

#Transform 94
Transform: AffineTransform_float_3_3
Parameters: 0.999996 0.00154751 0.00211021 -0.00155949 0.999981 0.00592873 -0.00210079 -0.00593127 0.99998 -0.251315 -0.452916 0.0602266
FixedParameters: 0 0 0

#Transform 95
Transform: AffineTransform_float_3_3
Parameters: 0.999996 0.0015291 0.0023013 -0.0015429 0.999981 0.00605248 -0.0022917 -0.00605653 0.999979 -0.262788 -0.448467 -0.0274589
FixedParameters: 0 0 0

#Transform 96
Transform: AffineTransform_float_3_3
Parameters: 0.999997 0.00135726 0.0020744 -0.00136774 0.999988 0.00470018 -0.00206859 -0.00470282 0.999987 -0.2325 -0.370681 -0.00920714
FixedParameters: 0 0 0

#Transform 97
Transform: AffineTransform_float_3_3
Parameters: 0.999997 0.0015374 0.00202626 -0.0015436 0.999995 0.00276488 -0.00202174 -0.00276712 0.999994 -0.247279 -0.214168 -0.0641889
FixedParameters: 0 0 0

#Transform 98
Transform: AffineTransform_float_3_3
Parameters: 0.999999 0.00158002 0.000783959 -0.00157598 0.999986 -0.00509624 -0.000792041 0.00509475 0.999986 -0.0989072 0.234319 -0.252275
FixedParameters: 0 0 0

#Transform 99
Transform: AffineTransform_float_3_3
Parameters: 0.999999 0.000921251 0.0016277 -0.000901746 0.999922 -0.0123985 -0.00163931 0.0123975 0.999922 -0.160706 0.833458 -0.490834
FixedParameters: 0 0 0

#Transform 100
Transform: AffineTransform_float_3_3
Parameters: 0.999998 0.000913689 0.00184238 -0.00087332 0.999759 -0.0219657 -0.00186163 0.0219644 0.999757 -0.167217 1.47253 -0.79811
FixedParameters: 0 0 0

#Transform 101
Transform: AffineTransform_float_3_3
Parameters: 0.999997 0.000960359 0.00230469 -0.000891631 0.999565 -0.0294811 -0.0023323 0.0294788 0.999562 -0.237357 1.97004 -1.19536
FixedParameters: 0 0 0

#Transform 102
Transform: AffineTransform_float_3_3
Parameters: 1 0.000410041 0.00105677 -0.000376982 0.999517 -0.0310794 -0.00106823 0.0310786 0.999517 -0.108206 2.03192 -1.19166
FixedParameters: 0 0 0

#Transform 103
Transform: AffineTransform_float_3_3
Parameters: 0.999997 -0.00147345 -0.00203751 0.00139257 0.999222 -0.039414 0.00209351 0.039411 0.999221 0.186935 2.57539 -1.47966
FixedParameters: 0 0 0

#Transform 104
Transform: AffineTransform_float_3_3
Parameters: 0.999996 -0.00176328 -0.00229763 0.00166875 0.999182 -0.040407 0.00236636 0.040403 0.99918 0.204796 2.65015 -1.54325
FixedParameters: 0 0 0

#Transform 105
Transform: AffineTransform_float_3_3
Parameters: 0.999996 -0.00188474 -0.00238107 0.00178627 0.999166 -0.0408095 0.00245594 0.0408056 0.999164 0.222807 2.65472 -1.51303
FixedParameters: 0 0 0

#Transform 106
Transform: AffineTransform_float_3_3
Parameters: 0.999996 -0.00126111 -0.0025808 0.00115488 0.99917 -0.0407131 0.0026302 0.0407098 0.999167 0.215244 2.85232 -1.56057
FixedParameters: 0 0 0

#Transform 107
Transform: AffineTransform_float_3_3
Parameters: 0.999997 -0.000848431 -0.00232058 0.00075659 0.999234 -0.0391219 0.0023514 0.0391191 0.999232 0.193505 2.58677 -1.46101
FixedParameters: 0 0 0

#Transform 108
Transform: AffineTransform_float_3_3
Parameters: 0.999999 -0.000727817 0.00101074 0.000761193 0.999448 -0.0332283 -0.000986252 0.0332288 0.999448 -0.0390505 2.27502 -1.35775
FixedParameters: 0 0 0

#Transform 109
Transform: AffineTransform_float_3_3
Parameters: 1 -0.000123266 0.000194436 0.000129719 0.999386 -0.0350219 -0.000189573 0.035022 0.999386 0.016567 2.3556 -1.20196
FixedParameters: 0 0 0

#Transform 110
Transform: AffineTransform_float_3_3
Parameters: 0.999998 -0.000570596 0.00154398 0.000622404 0.999438 -0.0335001 -0.001524 0.0335009 0.999437 -0.112804 2.30305 -1.21161
FixedParameters: 0 0 0

#Transform 111
Transform: AffineTransform_float_3_3
Parameters: 0.999998 -3.75693e-05 0.00189567 8.74394e-05 0.999646 -0.0266099 -0.00189434 0.0266101 0.999644 -0.151606 1.89364 -0.882831
FixedParameters: 0 0 0

#Transform 112
Transform: AffineTransform_float_3_3
Parameters: 0.999998 0.00150579 0.00166637 -0.00151522 0.999983 0.00554149 -0.00165863 -0.00554451 0.999984 -0.179638 -0.188596 0.362151
FixedParameters: 0 0 0

#Transform 113
Transform: AffineTransform_float_3_3
Parameters: 0.999994 0.00187477 0.00270546 -0.00187422 0.999998 -0.000289072 -0.00270654 0.000283928 0.999997 -0.24013 0.037733 0.126301
FixedParameters: 0 0 0

#Transform 114
Transform: AffineTransform_float_3_3
Parameters: 0.999997 0.0018736 0.00188341 -0.00187341 0.999998 -0.00031753 -0.00188359 0.000313472 0.999998 -0.186993 0.0564487 0.0532641
FixedParameters: 0 0 0

#Transform 115
Transform: AffineTransform_float_3_3
Parameters: 0.999996 0.00185537 0.00184163 -0.00185563 0.999999 -0.000203418 -0.00184237 0.000199583 0.999999 -0.1856 0.0503985 0.00364068
FixedParameters: 0 0 0

#Transform 116
Transform: AffineTransform_float_3_3
Parameters: 0.999997 0.00185653 0.00172135 -0.00185547 0.999998 -0.000889197 -0.00172265 0.000885805 0.999998 -0.190845 0.133312 0.0237489
FixedParameters: 0 0 0

#Transform 117
Transform: AffineTransform_float_3_3
Parameters: 0.999996 0.00185539 0.00185761 -0.00185561 0.999999 -0.000213448 -0.00185839 0.000209553 0.999999 -0.196023 0.0384828 0.0273075
FixedParameters: 0 0 0

#Transform 118
Transform: AffineTransform_float_3_3
Parameters: 0.999997 0.00153021 0.00192508 -0.00152379 0.999993 -0.00322194 -0.00192992 0.00321906 0.999993 -0.1971 0.235678 -0.0981491
FixedParameters: 0 0 0

#Transform 119
Transform: AffineTransform_float_3_3
Parameters: 0.999999 0.00043561 0.00147508 -0.000393392 0.999586 -0.0287646 -0.00148693 0.0287644 0.999585 -0.119636 1.87249 -0.868006
FixedParameters: 0 0 0

#Transform 120
Transform: AffineTransform_float_3_3
Parameters: 0.999998 0.000951842 0.00129942 -0.00091314 0.999562 -0.0295722 -0.00132758 0.0295708 0.999562 -0.122739 2.09762 -0.968194
FixedParameters: 0 0 0

#Transform 121
Transform: AffineTransform_float_3_3
Parameters: 0.999998 0.000917508 0.00136387 -0.000879487 0.999609 -0.0279722 -0.00138914 0.0279708 0.999608 -0.137203 1.86886 -0.975916
FixedParameters: 0 0 0

#Transform 122
Transform: AffineTransform_float_3_3
Parameters: 0.999999 0.000906606 0.00101787 -0.000874389 0.9995 -0.0315899 -0.00104614 0.0315891 0.999501 -0.111402 2.10535 -1.02272
FixedParameters: 0 0 0

#Transform 123
Transform: AffineTransform_float_3_3
Parameters: 0.999997 0.00169782 0.00185628 -0.00167618 0.99993 -0.0116932 -0.00187572 0.0116899 0.99993 -0.163342 0.925601 -0.261856
FixedParameters: 0 0 0

#Transform 124
Transform: AffineTransform_float_3_3
Parameters: 0.999993 0.00230742 0.00274209 -0.00229157 0.999981 -0.00561532 -0.0027549 0.00560868 0.999981 -0.248881 0.4017 -0.0769892
FixedParameters: 0 0 0

#Transform 125
Transform: AffineTransform_float_3_3
Parameters: 0.999994 0.00181855 0.00309841 -0.00178244 0.999933 -0.0114386 -0.00311959 0.0114334 0.99993 -0.26792 0.784936 -0.424713
FixedParameters: 0 0 0

#Transform 126
Transform: AffineTransform_float_3_3
Parameters: 0.999994 0.00170363 0.0028475 -0.00166136 0.999892 -0.0145578 -0.00287248 0.0145532 0.99989 -0.243609 1.01353 -0.454984
FixedParameters: 0 0 0

#Transform 127
Transform: AffineTransform_float_3_3
Parameters: 0.999995 0.00151913 0.00284891 -0.00147487 0.99988 -0.0154273 -0.00287209 0.0154237 0.999877 -0.227687 1.10248 -0.591765
FixedParameters: 0 0 0

#Transform 128
Transform: AffineTransform_float_3_3
Parameters: 0.999998 0.00108377 0.00175513 -0.00103824 0.999679 -0.0253089 -0.00178185 0.0253071 0.999678 -0.153802 1.66753 -0.816471
FixedParameters: 0 0 0

#Transform 129
Transform: AffineTransform_float_3_3
Parameters: 0.999997 0.000982573 0.00190419 -0.000934433 0.999692 -0.0248248 -0.00192779 0.0248232 0.99969 -0.162313 1.65573 -0.870983
FixedParameters: 0 0 0

#Transform 130
Transform: AffineTransform_float_3_3
Parameters: 0.999998 0.000903534 0.0018039 -0.000857465 0.999685 -0.0250846 -0.00182608 0.0250834 0.999683 -0.151043 1.6534 -0.916977
FixedParameters: 0 0 0

#Transform 131
Transform: AffineTransform_float_3_3
Parameters: 0.999997 0.000853633 0.00194395 -0.000804367 0.999678 -0.0253906 -0.00196506 0.0253894 0.999675 -0.155352 1.67855 -0.901196
FixedParameters: 0 0 0

#Transform 132
Transform: AffineTransform_float_3_3
Parameters: 0.999996 0.000666401 0.0029919 -0.000558633 0.999349 -0.0360869 -0.00301312 0.0360852 0.999344 -0.216796 2.36981 -1.19548
FixedParameters: 0 0 0

#Transform 133
Transform: AffineTransform_float_3_3
Parameters: 0.999999 0.00112193 0.000665938 -0.00110107 0.99953 -0.0306398 -0.000700065 0.0306392 0.999531 -0.0742943 2.01819 -0.880617
FixedParameters: 0 0 0

#Transform 134
Transform: AffineTransform_float_3_3
Parameters: 0.999998 0.0010801 -0.00177886 -0.0011009 0.99993 -0.0117921 0.00176614 0.0117939 0.999929 0.0547651 0.945282 -0.181449
FixedParameters: 0 0 0

#Transform 135
Transform: AffineTransform_float_3_3
Parameters: 0.999997 -0.00129501 -0.00235682 0.00126698 0.999929 -0.011849 0.00237218 0.011846 0.999927 0.22182 0.925798 -0.125042
FixedParameters: 0 0 0

#Transform 136
Transform: AffineTransform_float_3_3
Parameters: 0.999986 0.000409141 -0.00526501 -0.000560856 0.999583 -0.0288735 0.005251 0.0288766 0.999569 0.38311 1.94363 -1.46637
FixedParameters: 0 0 0

#Transform 137
Transform: AffineTransform_float_3_3
Parameters: 0.999995 -3.96421e-05 -0.00323124 -9.76318e-05 0.999093 -0.0425859 0.00322977 0.0425861 0.999087 0.289843 2.90026 -2.84075
FixedParameters: 0 0 0

#Transform 138
Transform: AffineTransform_float_3_3
Parameters: 0.999994 -0.000191334 -0.00363103 2.16667e-05 0.998914 -0.0465784 0.00363596 0.0465776 0.998908 0.328467 3.09487 -3.17782
FixedParameters: 0 0 0

#Transform 139
Transform: AffineTransform_float_3_3
Parameters: 0.999999 0.000780647 0.00111817 -0.000788352 0.999978 0.00659112 -0.00111283 -0.00659187 0.999977 -0.0605397 -0.359473 -0.639965
FixedParameters: 0 0 0

#Transform 140
Transform: AffineTransform_float_3_3
Parameters: 0.999999 0.00118216 0.000820544 -0.00115583 0.999513 -0.031176 -0.00085745 0.031175 0.999513 -0.0170552 2.05387 -2.87031
FixedParameters: 0 0 0

#Transform 141
Transform: AffineTransform_float_3_3
Parameters: 0.999999 0.00117063 -0.000751378 -0.00119235 0.999576 -0.0290941 0.000716613 0.0290949 0.999577 0.120335 1.90325 -1.82118
FixedParameters: 0 0 0

#Transform 142
Transform: AffineTransform_float_3_3
Parameters: 0.999996 0.000956202 -0.00274982 -0.0010508 0.999398 -0.0346822 0.00271519 0.0346847 0.999394 0.218654 2.30432 -2.14995
FixedParameters: 0 0 0

#Transform 143
Transform: AffineTransform_float_3_3
Parameters: 0.999991 0.000109165 -0.00420067 -0.000290807 0.999061 -0.0433111 0.00419134 0.0433118 0.999053 0.353163 2.90703 -3.26778
FixedParameters: 0 0 0

#Transform 144
Transform: AffineTransform_float_3_3
Parameters: 0.999992 0.00024043 -0.00416495 -0.000455574 0.998668 -0.0515945 0.00414702 0.0515954 0.998659 0.339334 3.33172 -4.00806
FixedParameters: 0 0 0

#Transform 145
Transform: AffineTransform_float_3_3
Parameters: 0.999993 0.000321151 -0.00378448 -0.000515873 0.998682 -0.0513325 0.00376348 0.0513346 0.998675 0.311651 3.27861 -4.00138
FixedParameters: 0 0 0

#Transform 146
Transform: AffineTransform_float_3_3
Parameters: 0.999994 0.000581636 -0.00338355 -0.00076039 0.998596 -0.0529557 0.00334843 0.0529572 0.998591 0.274117 3.46337 -4.24118
FixedParameters: 0 0 0

#Transform 147
Transform: AffineTransform_float_3_3
Parameters: 0.99999 0.000369996 -0.00428784 -0.000591012 0.998665 -0.0516559 0.00426316 0.051658 0.998655 0.354546 3.2654 -4.04722
FixedParameters: 0 0 0

#Transform 148
Transform: AffineTransform_float_3_3
Parameters: 0.999994 0.00014551 -0.00348143 -0.000327468 0.998622 -0.0524752 0.0034686 0.0524758 0.998616 0.295531 3.35538 -4.25901
FixedParameters: 0 0 0

#Transform 149
Transform: AffineTransform_float_3_3
Parameters: 0.999993 0.000512271 -0.00351334 -0.000699763 0.998576 -0.0533549 0.00348162 0.0533572 0.99857 0.293121 3.43812 -4.37971
FixedParameters: 0 0 0

#Transform 150
Transform: AffineTransform_float_3_3
Parameters: 0.999993 0.000944576 -0.00362629 -0.00113941 0.99854 -0.0539932 0.00356968 0.0539967 0.998534 0.293562 3.43743 -4.49149
FixedParameters: 0 0 0

#Transform 151
Transform: AffineTransform_float_3_3
Parameters: 0.999991 0.000685634 -0.00434227 -0.000927351 0.998427 -0.0560615 0.00429677 0.0560655 0.998418 0.343785 3.62043 -4.56838
FixedParameters: 0 0 0

#Transform 152
Transform: AffineTransform_float_3_3
Parameters: 0.999992 0.000635571 -0.00407242 -0.000860405 0.998467 -0.0553469 0.00403056 0.05535 0.998459 0.338489 3.5237 -4.52325
FixedParameters: 0 0 0

#Transform 153
Transform: AffineTransform_float_3_3
Parameters: 0.999991 0.00069256 -0.00401533 -0.000925483 0.998291 -0.0584308 0.0039687 0.0584333 0.998284 0.33167 3.76345 -4.77071
FixedParameters: 0 0 0

#Transform 154
Transform: AffineTransform_float_3_3
Parameters: 0.999994 0.000656281 -0.00360336 -0.000860757 0.998367 -0.0571093 0.00356066 0.0571117 0.998362 0.289594 3.72672 -4.59791
FixedParameters: 0 0 0

#Transform 155
Transform: AffineTransform_float_3_3
Parameters: 0.99999 0.000725137 -0.00456781 -0.000965874 0.998596 -0.0529511 0.0045232 0.0529548 0.998586 0.37645 3.45951 -4.51279
FixedParameters: 0 0 0

#Transform 156
Transform: AffineTransform_float_3_3
Parameters: 0.999991 0.000507866 -0.0040556 -0.000722153 0.998595 -0.0529735 0.00402339 0.0529764 0.998587 0.326856 3.43049 -4.45659
FixedParameters: 0 0 0

#Transform 157
Transform: AffineTransform_float_3_3
Parameters: 0.999996 0.00152636 -0.00255083 -0.00161562 0.999367 -0.035519 0.00249419 0.0355229 0.999365 0.290282 2.55008 -3.58558
FixedParameters: 0 0 0

#Transform 158
Transform: AffineTransform_float_3_3
Parameters: 0.99998 0.00195562 -0.00613421 -0.00203938 0.999905 -0.0136158 0.00610679 0.0136282 0.999889 0.47144 0.99552 -2.53741
FixedParameters: 0 0 0

#Transform 159
Transform: AffineTransform_float_3_3
Parameters: 0.999994 0.00247331 -0.00268157 -0.00256471 0.999393 -0.0347463 0.00259444 0.0347526 0.999392 0.187667 2.21473 -3.83482
FixedParameters: 0 0 0

#Transform 160
Transform: AffineTransform_float_3_3
Parameters: 0.999993 0.00153086 -0.00344533 -0.00171217 0.998583 -0.0532015 0.00335966 0.0532075 0.998578 0.249596 3.4942 -4.55198
FixedParameters: 0 0 0

#Transform 161
Transform: AffineTransform_float_3_3
Parameters: 0.999993 0.00273875 -0.00229357 -0.00284227 0.998903 -0.0467558 0.00216346 0.0467622 0.998903 0.187863 3.31598 -4.30134
FixedParameters: 0 0 0

#Transform 162
Transform: AffineTransform_float_3_3
Parameters: 0.999968 0.00056848 -0.00805572 -0.000885534 0.999221 -0.0394672 0.00802731 0.0394729 0.999189 0.656664 2.51968 -4.35586
FixedParameters: 0 0 0

#Transform 163
Transform: AffineTransform_float_3_3
Parameters: 0.999976 0.000643712 -0.0068815 -0.000889269 0.999357 -0.0358467 0.00685352 0.0358523 0.999333 0.57083 2.08036 -4.00376
FixedParameters: 0 0 0

#Transform 164
Transform: AffineTransform_float_3_3
Parameters: 0.999989 0.000653297 -0.00450177 -0.00088071 0.998721 -0.0505415 0.00446319 0.0505454 0.998712 0.394979 3.18232 -4.53924
FixedParameters: 0 0 0

#Transform 165
Transform: AffineTransform_float_3_3
Parameters: 0.999991 0.00127244 -0.00399487 -0.00144757 0.999031 -0.0440026 0.00393511 0.0440074 0.999024 0.350425 2.79527 -4.48727
FixedParameters: 0 0 0

#Transform 166
Transform: AffineTransform_float_3_3
Parameters: 0.999984 0.00134309 -0.00559107 -0.00155091 0.999301 -0.0373489 0.00553693 0.037357 0.999286 0.443244 2.26525 -4.27145
FixedParameters: 0 0 0

#Transform 167
Transform: AffineTransform_float_3_3
Parameters: 0.999987 0.000389432 -0.00504398 -0.000594565 0.999174 -0.0406185 0.005024 0.0406215 0.999162 0.431192 2.50878 -4.77944
FixedParameters: 0 0 0

#Transform 168
Transform: AffineTransform_float_3_3
Parameters: 0.999983 0.000622011 -0.00582783 -0.000928 0.998612 -0.0526505 0.00578716 0.0526545 0.998596 0.479029 3.26496 -4.72813
FixedParameters: 0 0 0

#Transform 169
Transform: AffineTransform_float_3_3
Parameters: 0.999985 0.000300022 -0.0055078 -0.000592938 0.99858 -0.0532695 0.0054832 0.0532715 0.998565 0.4635 3.37332 -4.84079
FixedParameters: 0 0 0

#Transform 170
Transform: AffineTransform_float_3_3
Parameters: 0.999984 0.000317858 -0.00568442 -0.000633175 0.998457 -0.0555243 0.00565857 0.0555267 0.998441 0.489671 3.53117 -4.83665
FixedParameters: 0 0 0

#Transform 171
Transform: AffineTransform_float_3_3
Parameters: 0.999985 0.00031351 -0.00549023 -0.000620531 0.998426 -0.0560945 0.0054648 0.0560976 0.998411 0.468832 3.61354 -4.85724
FixedParameters: 0 0 0

#Transform 172
Transform: AffineTransform_float_3_3
Parameters: 0.999986 0.000476354 -0.00530817 -0.000773635 0.998419 -0.0562127 0.00527285 0.0562163 0.998404 0.444607 3.5645 -4.95637
FixedParameters: 0 0 0

#Transform 173
Transform: AffineTransform_float_3_3
Parameters: 0.999987 0.00051711 -0.00511226 -0.000797874 0.998481 -0.0550956 0.00507575 0.0550993 0.998468 0.42888 3.49149 -4.91301
FixedParameters: 0 0 0

#Transform 174
Transform: AffineTransform_float_3_3
Parameters: 0.999982 0.00079718 -0.00583783 -0.00112283 0.998429 -0.0560234 0.00578418 0.0560286 0.998413 0.486308 3.5632 -5.26293
FixedParameters: 0 0 0

#Transform 175
Transform: AffineTransform_float_3_3
Parameters: 0.999985 0.000586416 -0.00542943 -0.000896615 0.998362 -0.057194 0.00538754 0.057198 0.998349 0.453212 3.59731 -5.45782
FixedParameters: 0 0 0

#Transform 176
Transform: AffineTransform_float_3_3
Parameters: 0.999986 0.000718583 -0.00534285 -0.00102237 0.998362 -0.0571933 0.00529219 0.0571986 0.998349 0.443559 3.58193 -5.5071
FixedParameters: 0 0 0

#Transform 177
Transform: AffineTransform_float_3_3
Parameters: 0.999984 0.000665178 -0.00572602 -0.000994824 0.998328 -0.0577923 0.005678 0.0577968 0.998312 0.474039 3.63204 -5.59831
FixedParameters: 0 0 0

#Transform 178
Transform: AffineTransform_float_3_3
Parameters: 0.999983 0.000490313 -0.00579369 -0.0008297 0.998281 -0.0586002 0.00575527 0.0586048 0.998264 0.483238 3.6747 -5.58695
FixedParameters: 0 0 0

#Transform 179
Transform: AffineTransform_float_3_3
Parameters: 0.999976 0.000728221 -0.00687155 -0.00112475 0.99833 -0.0577707 0.00681741 0.0577764 0.998307 0.559031 3.62234 -5.76167
FixedParameters: 0 0 0

#Transform 180
Transform: AffineTransform_float_3_3
Parameters: 0.99998 0.000457411 -0.00620417 -0.000817638 0.998302 -0.0582431 0.00616785 0.058247 0.998283 0.523342 3.66344 -5.56136
FixedParameters: 0 0 0

#Transform 181
Transform: AffineTransform_float_3_3
Parameters: 0.99998 0.00113243 -0.00624304 -0.00149157 0.998321 -0.0578948 0.00616698 0.0579031 0.998303 0.501398 3.62926 -5.66799
FixedParameters: 0 0 0

#Transform 182
Transform: AffineTransform_float_3_3
Parameters: 0.99998 0.000347748 -0.00619879 -0.000717261 0.998218 -0.0596657 0.00616719 0.0596693 0.998199 0.51724 3.74214 -5.64144
FixedParameters: 0 0 0

#Transform 183
Transform: AffineTransform_float_3_3
Parameters: 0.99998 0.000354052 -0.00619832 -0.000715991 0.998287 -0.0584907 0.00616768 0.0584933 0.998268 0.530733 3.65929 -5.61327
FixedParameters: 0 0 0

#Transform 184
Transform: AffineTransform_float_3_3
Parameters: 0.99998 0.000199191 -0.00622504 -0.000559804 0.998315 -0.0580126 0.00620297 0.0580154 0.998297 0.53341 3.65533 -5.6324
FixedParameters: 0 0 0

#Transform 185
Transform: AffineTransform_float_3_3
Parameters: 0.999984 0.000568085 -0.00552861 -0.000889879 0.998293 -0.0584 0.00548539 0.058404 0.998278 0.47738 3.7594 -5.58971
FixedParameters: 0 0 0

#Transform 186
Transform: AffineTransform_float_3_3
Parameters: 0.999986 0.000400519 -0.00540256 -0.000715448 0.998297 -0.058334 0.00536941 0.058337 0.998282 0.455839 3.63381 -5.52035
FixedParameters: 0 0 0

#Transform 187
Transform: AffineTransform_float_3_3
Parameters: 0.999986 3.12519e-05 -0.00517315 -0.000341797 0.998205 -0.059886 0.00516279 0.059887 0.998192 0.448105 3.81291 -5.58563
FixedParameters: 0 0 0

#Transform 188
Transform: AffineTransform_float_3_3
Parameters: 0.999989 0.000309972 -0.00467044 -0.000593061 0.998154 -0.0607209 0.00464356 0.0607231 0.998144 0.402845 3.86187 -5.43834
FixedParameters: 0 0 0

#Transform 189
Transform: AffineTransform_float_3_3
Parameters: 0.999986 0.000151556 -0.00529924 -0.000476424 0.99812 -0.0612763 0.00527973 0.0612786 0.998107 0.454448 3.92666 -5.57131
FixedParameters: 0 0 0

#Transform 190
Transform: AffineTransform_float_3_3
Parameters: 0.999986 0.000565914 -0.00528878 -0.000884099 0.998177 -0.0603362 0.00524521 0.0603398 0.998164 0.460359 3.83237 -5.59465
FixedParameters: 0 0 0

#Transform 191
Transform: AffineTransform_float_3_3
