#Insight Transform File V1.0
#Transform 0
Transform: AffineTransform_float_3_3
Parameters: 1 0.000527093 -0.000455892 -0.000526906 1 0.00020524 0.000456108 -0.00020476 1 0.0076716 -0.0461735 0.109099
FixedParameters: 0 0 0

#Transform 1
Transform: AffineTransform_float_3_3
Parameters: 1 0.000335 -0.000456 -0.000335 1 1.5276e-07 0.000456 1.5276e-07 1 0.0127274 -0.0220185 0.0556096
FixedParameters: 0 0 0

#Transform 2
Transform: AffineTransform_float_3_3
Parameters: 0.999999 9.99999e-05 -0.000736 -9.99999e-05 1 7.36e-08 0.000736 7.36e-08 0.999999 0.0419369 -0.0163853 0.0348075
FixedParameters: 0 0 0

#Transform 3
Transform: AffineTransform_float_3_3
Parameters: 0.999999 9.79999e-05 -0.000898999 -9.79999e-05 1 8.81019e-08 0.000898999 8.81019e-08 0.999999 0.0491735 -0.020467 0.0325521
FixedParameters: 0 0 0

#Transform 4
Transform: AffineTransform_float_3_3
Parameters: 0.999999 9.79999e-05 -0.000898999 -9.79999e-05 1 8.81019e-08 0.000898999 8.81019e-08 0.999999 0.0491736 0.012083 0.0360731
FixedParameters: 0 0 0

#Transform 5
Transform: AffineTransform_float_3_3
Parameters: 0.999999 9.79999e-05 -0.000898999 -9.79999e-05 1 8.81019e-08 0.000898999 8.81019e-08 0.999999 0.0491483 0.03277 0.0664511
FixedParameters: 0 0 0

#Transform 6
Transform: AffineTransform_float_3_3
Parameters: 0.999999 9.8133e-05 -0.000898985 -9.88669e-05 1 0.000148089 0.000899014 -0.000147912 0.999999 0.049159 0.0233702 0.0535646
FixedParameters: 0 0 0

#Transform 7
Transform: AffineTransform_float_3_3
Parameters: 0.999999 9.81321e-05 -0.000898985 -9.88678e-05 1 0.000147089 0.000899014 -0.000146912 0.999999 0.0491531 0.0315317 0.0609865
FixedParameters: 0 0 0

#Transform 8
Transform: AffineTransform_float_3_3
Parameters: 1 9.83016e-05 -0.00060095 -9.86982e-05 1 0.000502059 0.000601049 -0.000501941 0.999999 0.0303365 0.00103261 0.0651522
FixedParameters: 0 0 0

#Transform 9
Transform: AffineTransform_float_3_3
Parameters: 1 -0.000219693 -0.000476142 0.000220307 1 0.000644895 0.000475858 -0.000644104 0.999999 0.027824 -0.0264468 0.066759
FixedParameters: 0 0 0

#Transform 10
Transform: AffineTransform_float_3_3
Parameters: 0.999999 -0.0001213 -0.000899095 0.000121701 0.999999 0.000779891 0.000898905 -0.000779109 1 0.0772548 -0.0356581 0.0322365
FixedParameters: 0 0 0

#Transform 11
Transform: AffineTransform_float_3_3
Parameters: 1 -0.000249377 -0.000540288 0.000250623 1 0.00115387 0.000539711 -0.00115414 0.999999 0.0567288 -0.0584753 0.0443887
FixedParameters: 0 0 0

#Transform 12
Transform: AffineTransform_float_3_3
Parameters: 1 -0.000374301 -0.000484541 0.000375698 0.999999 0.00144382 0.000483458 -0.00144318 0.999999 0.0553186 -0.075875 0.0502451
FixedParameters: 0 0 0

#Transform 13
Transform: AffineTransform_float_3_3
Parameters: 0.999999 0.000198035 -0.000898772 -0.000196965 1 0.00115118 0.000899227 -0.00115082 0.999999 0.0535962 -0.0611737 0.0585321
FixedParameters: 0 0 0

#Transform 14
Transform: AffineTransform_float_3_3
Parameters: 1 0.000574078 -0.000273836 -0.000573921 1 0.000286157 0.000274164 -0.000285843 1 -0.0182193 -0.055278 0.154561
FixedParameters: 0 0 0

#Transform 15
Transform: AffineTransform_float_3_3
Parameters: 1 0.000457892 -0.000274179 -0.000457108 1 -0.000391875 0.000274821 0.000392126 1 -0.0162224 0.0114597 0.0862559
FixedParameters: 0 0 0

#Transform 16
Transform: AffineTransform_float_3_3
Parameters: 1 -1.10034e-05 -0.000244 1.09966e-05 1 -1.40027e-05 0.000244 1.39973e-05 1 -0.0101403 0.0193213 0.0699801
FixedParameters: 0 0 0

#Transform 17
Transform: AffineTransform_float_3_3
Parameters: 1 -1.10574e-05 0.000345998 1.09426e-05 1 0.000166004 -0.000346002 -0.000165996 1 -0.0229076 -0.00294266 0.0302166
FixedParameters: 0 0 0

#Transform 18
Transform: AffineTransform_float_3_3
Parameters: 1 -0.000113999 8.60016e-05 0.000114001 1 -1.39902e-05 -8.59984e-05 1.40098e-05 1 -0.0177978 -0.0088921 0.0360553
FixedParameters: 0 0 0

#Transform 19
Transform: AffineTransform_float_3_3
Parameters: 1 -1.09792e-05 0.000113002 1.10208e-05 1 -0.000183999 -0.000112998 0.000184001 1 -0.0111684 0.00123195 0.0277435
FixedParameters: 0 0 0

#Transform 20
Transform: AffineTransform_float_3_3
Parameters: 1 -1.10299e-05 0.000112997 1.09701e-05 1 0.000265001 -0.000113003 -0.000264999 1 -0.0111651 -0.0270807 0.00936777
FixedParameters: 0 0 0

#Transform 21
Transform: AffineTransform_float_3_3
Parameters: 1 -1.09899e-05 0.000113001 1.10101e-05 1 -8.89988e-05 -0.000112999 8.90012e-05 1 0.00498744 -0.00474365 -0.00111265
FixedParameters: 0 0 0

#Transform 22
Transform: AffineTransform_float_3_3
Parameters: 1 -1.09661e-05 0.000113003 1.10339e-05 1 -0.000299999 -0.000112997 0.000300001 1 -0.0033152 0.0085634 -0.00555127
FixedParameters: 0 0 0

#Transform 23
Transform: AffineTransform_float_3_3
Parameters: 1 -1.09742e-05 0.000113003 1.10258e-05 1 -0.000227999 -0.000112997 0.000228001 1 0.00499063 0.00402999 -0.00747618
FixedParameters: 0 0 0

#Transform 24
Transform: AffineTransform_float_3_3
Parameters: 1 -1.09621e-05 0.000113004 1.10379e-05 1 -0.000334999 -0.000112996 0.000335001 1 -0.00862033 0.0107502 -0.00646808
FixedParameters: 0 0 0

#Transform 25
Transform: AffineTransform_float_3_3
Parameters: 1 -1.09938e-05 3.90017e-05 1.10062e-05 1 -0.000159 -3.89982e-05 0.000159 1 0.00247866 -0.000348123 -0.00586385
FixedParameters: 0 0 0

#Transform 26
Transform: AffineTransform_float_3_3
Parameters: 1 7.10053e-05 2.09822e-05 -7.09947e-05 1 -0.000251001 -2.10178e-05 0.000250998 1 0.0093708 0.0049292 -0.00725783
FixedParameters: 0 0 0

#Transform 27
Transform: AffineTransform_float_3_3
Parameters: 1 -1.10429e-05 -0.000159997 1.09571e-05 1 -0.000268002 0.000160003 0.000267998 1 0.022183 -0.013841 0.0293754
FixedParameters: 0 0 0

#Transform 28
Transform: AffineTransform_float_3_3
Parameters: 1 -1.10597e-05 -7.09907e-05 1.09403e-05 0.999999 -0.000841 7.10092e-05 0.000840999 0.999999 0.0165809 0.0468516 -0.00555397
FixedParameters: 0 0 0

#Transform 29
Transform: AffineTransform_float_3_3
Parameters: 1 -7.8084e-05 -0.000135952 7.79159e-05 1 -0.00061801 0.000136048 0.000617989 1 0.0217835 0.0226425 -0.0105152
FixedParameters: 0 0 0

#Transform 30
Transform: AffineTransform_float_3_3
Parameters: 1 5.59658e-05 -8.60222e-05 -5.60341e-05 1 -0.000396995 8.59778e-05 0.000397005 1 0.0164023 0.0208131 -0.0139505
FixedParameters: 0 0 0

#Transform 31
Transform: AffineTransform_float_3_3
Parameters: 1 -1.09065e-05 0.000113009 1.10934e-05 0.999999 -0.000826998 -0.000112991 0.000827001 0.999999 0.00498129 0.0419329 -0.0421505
FixedParameters: 0 0 0

#Transform 32
Transform: AffineTransform_float_3_3
Parameters: 1 -1.10841e-05 -0.000183995 1.09159e-05 1 -0.000457002 0.000184005 0.000456998 1 0.0237202 0.0199551 -0.0276164
FixedParameters: 0 0 0

#Transform 33
Transform: AffineTransform_float_3_3
Parameters: 1 -1.10813e-05 -0.000177995 1.09187e-05 1 -0.000457002 0.000178005 0.000456998 1 0.0300962 0.0266761 -0.0143732
FixedParameters: 0 0 0

#Transform 34
Transform: AffineTransform_float_3_3
Parameters: 1 -1.10989e-05 -0.000333997 1.09011e-05 1 -0.000296004 0.000334003 0.000295996 1 0.0404015 0.0128994 -0.0231813
FixedParameters: 0 0 0

#Transform 35
Transform: AffineTransform_float_3_3
Parameters: 1 -1.10582e-05 -0.000395998 1.09418e-05 1 -0.000147004 0.000396002 0.000146996 1 0.0636517 -0.0214532 -0.0077815
FixedParameters: 0 0 0

#Transform 36
Transform: AffineTransform_float_3_3
Parameters: 1 -0.000421023 -0.000172944 0.000420977 1 -0.000133073 0.000173056 0.000132927 1 0.056462 0.0178874 -0.00212136
FixedParameters: 0 0 0

#Transform 37
Transform: AffineTransform_float_3_3
Parameters: 1 -0.000284034 -0.00012192 0.000283966 1 -0.000282035 0.00012208 0.000281965 1 0.0508844 0.0554568 0.000407977
FixedParameters: 0 0 0

#Transform 38
Transform: AffineTransform_float_3_3
Parameters: 1 -0.000306942 0.00012614 0.000307057 1 -0.000456961 -0.00012586 0.000457039 1 0.0355831 0.0583558 0.0629263
FixedParameters: 0 0 0

#Transform 39
Transform: AffineTransform_float_3_3
Parameters: 0.999999 -0.000360528 0.000776832 0.000357471 0.999994 0.00325228 -0.000778167 -0.00325172 0.999995 -0.00477271 -0.257425 0.560085
FixedParameters: 0 0 0

#Transform 40
Transform: AffineTransform_float_3_3
Parameters: 1 -0.000583078 -0.000184753 0.000582921 0.999999 -0.000424108 0.000185247 0.000423892 1 0.0594557 0.0620591 0.0580581
FixedParameters: 0 0 0

#Transform 41
Transform: AffineTransform_float_3_3
Parameters: 1 -0.00058292 -0.000266175 0.00058308 1 0.000299845 0.000265826 -0.000299155 1 0.0645594 -0.00298849 0.0496469
FixedParameters: 0 0 0

#Transform 42
Transform: AffineTransform_float_3_3
Parameters: 1 -0.000193872 -0.000454054 0.000194128 1 0.000280912 0.000453945 -0.000281088 1 0.0699488 0.0224167 0.0251527
FixedParameters: 0 0 0

#Transform 43
Transform: AffineTransform_float_3_3
Parameters: 1 -0.000382774 -0.000516167 0.000383226 1 0.000437802 0.000516832 -0.000438198 1 0.0737254 -0.0156619 0.0336084
FixedParameters: 0 0 0

#Transform 44
Transform: AffineTransform_float_3_3
Parameters: 0.999999 -0.000298729 -0.000774104 0.000298271 1 0.000349769 0.000773895 -0.000350231 0.999999 0.0792169 -0.0260057 0.0284183
FixedParameters: 0 0 0

#Transform 45
Transform: AffineTransform_float_3_3
Parameters: 1 -6.49974e-05 -0.000509 6.50025e-05 1 4.96691e-06 0.000509 -5.03308e-06 1 0.0725408 0.0262248 0.0053725
FixedParameters: 0 0 0

#Transform 46
Transform: AffineTransform_float_3_3
Parameters: 0.999999 -0.000582971 -0.000447038 0.000583029 1 6.47394e-05 0.000446962 -6.52606e-05 1 0.0772584 0.00584906 0.00960156
FixedParameters: 0 0 0

#Transform 47
Transform: AffineTransform_float_3_3
Parameters: 1 9.20274e-05 0.000421436 -9.39705e-05 0.999989 0.00468296 -0.000420564 -0.00468304 0.999989 0.0109105 -0.270338 0.430203
FixedParameters: 0 0 0

#Transform 48
Transform: AffineTransform_float_3_3
Parameters: 1 3.53114e-05 -0.000304964 -3.46886e-05 1 0.00102101 0.000305036 -0.00102099 1 0.0409376 0.0271834 0.0593217
FixedParameters: 0 0 0

#Transform 49
Transform: AffineTransform_float_3_3
Parameters: 1 9.42098e-05 -0.000233915 -9.379e-05 0.999999 0.000897021 0.000234084 -0.000896977 0.999999 0.0445973 -0.0705745 0.0880607
FixedParameters: 0 0 0

#Transform 50
Transform: AffineTransform_float_3_3
Parameters: 1 9.42499e-05 -0.000302922 -9.375e-05 0.999999 0.000825028 0.000303077 -0.000824971 0.999999 0.0560673 -0.0131765 0.0309292
FixedParameters: 0 0 0

#Transform 51
Transform: AffineTransform_float_3_3
Parameters: 0.999999 -0.000386604 -0.000773197 0.000386395 1 0.000511701 0.000772802 -0.000512299 0.999999 0.100736 0.0225045 0.0701118
FixedParameters: 0 0 0

#Transform 52
Transform: AffineTransform_float_3_3
Parameters: 1 -0.000386325 -0.000505516 0.000386676 0.999999 0.0013358 0.000505484 -0.0013362 0.999999 0.0935254 -0.0956283 0.0740862
FixedParameters: 0 0 0

#Transform 53
Transform: AffineTransform_float_3_3
Parameters: 1 -0.000386537 -0.000453395 0.000386463 1 0.00102083 0.000453606 -0.00102118 1 0.0892168 -0.0249152 0.0405776
FixedParameters: 0 0 0

#Transform 54
Transform: AffineTransform_float_3_3
Parameters: 1 -0.000300623 -0.000429264 0.000301376 0.999999 0.00087687 0.000428736 -0.000877128 0.999999 0.0749316 -0.0221154 0.0359959
FixedParameters: 0 0 0

#Transform 55
Transform: AffineTransform_float_3_3
Parameters: 1 -0.00038642 -0.000500449 0.000386581 1 0.00115981 0.000500552 -0.00116019 0.999999 0.0799586 -0.0391775 0.0367986
FixedParameters: 0 0 0

#Transform 56
Transform: AffineTransform_float_3_3
Parameters: 1 -9.64321e-05 -0.000597092 9.65676e-05 0.999999 0.000950942 0.000596909 -0.000951058 1 0.0777808 -0.0319324 0.0106094
FixedParameters: 0 0 0

#Transform 57
Transform: AffineTransform_float_3_3
Parameters: 0.999999 -0.00038639 -0.000597395 0.000386609 1 0.00102077 0.000596606 -0.00102123 1 0.0865865 -0.0473272 0.0425775
FixedParameters: 0 0 0

#Transform 58
Transform: AffineTransform_float_3_3
Parameters: 1 -0.00010239 -0.000597105 0.000102609 1 0.00102094 0.000596896 -0.00102106 1 0.0940269 -0.0280463 0.0342152
FixedParameters: 0 0 0

#Transform 59
Transform: AffineTransform_float_3_3
Parameters: 1 -0.000329765 -0.000333232 0.000330235 0.999999 0.00070389 0.000333767 -0.00070411 0.999999 0.0813545 -0.0129054 0.038563
FixedParameters: 0 0 0

#Transform 60
Transform: AffineTransform_float_3_3
Parameters: 1 -0.000158621 -0.000416144 0.000158379 0.999999 0.000910933 0.000415856 -0.000911065 0.999999 0.0836898 -0.000423806 0.0475715
FixedParameters: 0 0 0

#Transform 61
Transform: AffineTransform_float_3_3
Parameters: 0.999999 -0.000386517 -0.000597312 0.000386482 0.999999 0.000807769 0.000596687 -0.00080823 0.999999 0.0989354 0.00748317 0.0305855
FixedParameters: 0 0 0

#Transform 62
Transform: AffineTransform_float_3_3
Parameters: 1 -0.000128851 -0.000597032 0.000129149 1 0.000249923 0.000596967 -0.000250077 1 0.0945872 0.041079 0.0123004
FixedParameters: 0 0 0

#Transform 63
Transform: AffineTransform_float_3_3
Parameters: 1 -0.000386724 -0.000491217 0.000386276 1 0.00056181 0.000490783 -0.00056219 0.999999 0.0922689 0.00408228 0.0257316
FixedParameters: 0 0 0

#Transform 64
Transform: AffineTransform_float_3_3
Parameters: 0.999999 -0.000386921 -0.000669045 0.000387079 1 0.000117741 0.000668954 -0.000118259 1 0.103468 0.0270534 0.000137592
FixedParameters: 0 0 0

#Transform 65
Transform: AffineTransform_float_3_3
Parameters: 1 -9.58331e-05 -0.000412039 9.61668e-05 1 0.00040496 0.000411961 -0.000405039 1 0.0823619 0.0141458 0.0194461
FixedParameters: 0 0 0

#Transform 66
Transform: AffineTransform_float_3_3
Parameters: 1 -0.000386539 -0.000455392 0.000386462 1 0.00101282 0.000455609 -0.00101218 1 0.0899886 -0.00503161 0.0586406
FixedParameters: 0 0 0

#Transform 67
Transform: AffineTransform_float_3_3
Parameters: 1 0.00015648 -0.000233679 -0.000155519 0.999998 0.00205404 0.00023432 -0.00205396 0.999998 0.0667778 -0.101178 0.125038
FixedParameters: 0 0 0

#Transform 68
Transform: AffineTransform_float_3_3
Parameters: 1 -0.000184015 -0.000454994 0.000183985 1 -3.30837e-05 0.000455006 3.29163e-05 1 0.0865646 0.0411758 0.0105309
FixedParameters: 0 0 0

#Transform 69
Transform: AffineTransform_float_3_3
Parameters: 0.999999 -0.00038694 -0.000597039 0.00038706 1 0.000100769 0.000596961 -0.000101231 1 0.0989171 0.00787151 -0.000881356
FixedParameters: 0 0 0

#Transform 70
Transform: AffineTransform_float_3_3
Parameters: 0.999999 -0.000386774 -0.000706123 0.000386226 1 0.000319727 0.000705876 -0.000320273 0.999999 0.105826 0.0212222 0.0151289
FixedParameters: 0 0 0

#Transform 71
Transform: AffineTransform_float_3_3
Parameters: 1 -0.000450841 -0.000455157 0.000451158 1 0.000347795 0.000454843 -0.000348205 1 0.090997 0.0247599 0.0366622
FixedParameters: 0 0 0

#Transform 72
Transform: AffineTransform_float_3_3
Parameters: 0.999999 -0.000386727 -0.000612172 0.000386272 1 0.000444763 0.000611828 -0.000445237 0.999999 0.105143 0.0301547 0.0200749
FixedParameters: 0 0 0

#Transform 73
Transform: AffineTransform_float_3_3
Parameters: 1 -0.000279681 -0.00052317 0.000280318 1 0.000608853 0.000522829 -0.000609146 0.999999 0.114288 -0.00421046 0.0222302
FixedParameters: 0 0 0

#Transform 74
Transform: AffineTransform_float_3_3
Parameters: 1 -0.000386754 -0.000455209 0.000386247 1 0.000541824 0.000455791 -0.000541176 0.999999 0.111848 0.00298165 0.0185701
FixedParameters: 0 0 0

#Transform 75
Transform: AffineTransform_float_3_3
Parameters: 1 -0.000386711 -0.000455245 0.000386289 0.999999 0.000634824 0.000455755 -0.000635176 0.999999 0.120612 -0.00524321 0.0172895
FixedParameters: 0 0 0

#Transform 76
Transform: AffineTransform_float_3_3
Parameters: 1 -0.000386754 -0.000455209 0.000386247 1 0.000541824 0.000455791 -0.000541176 0.999999 0.127512 0.000655851 0.0207085
FixedParameters: 0 0 0

#Transform 77
Transform: AffineTransform_float_3_3
Parameters: 1 -0.000491778 -0.000455239 0.000491222 1 0.000486776 0.000455761 -0.000487224 1 0.113611 0.0253101 0.0358187
FixedParameters: 0 0 0

#Transform 78
Transform: AffineTransform_float_3_3
Parameters: 1 -0.000535753 -0.00045529 0.000536247 0.999999 0.000541756 0.00045571 -0.000541244 0.999999 0.125391 0.00167948 0.020702
FixedParameters: 0 0 0

#Transform 79
Transform: AffineTransform_float_3_3
Parameters: 0.999999 -0.000541753 -0.000455293 0.000542247 0.999999 0.000541753 0.000455706 -0.000541247 0.999999 0.131019 -0.00265933 0.0254249
FixedParameters: 0 0 0

#Transform 80
Transform: AffineTransform_float_3_3
Parameters: 0.999999 -0.000567718 -0.000455351 0.000568282 0.999999 0.000618741 0.000455648 -0.000619258 0.999999 0.137794 -0.00300204 0.0099585
FixedParameters: 0 0 0

#Transform 81
Transform: AffineTransform_float_3_3
Parameters: 1 -0.000386607 -0.00056327 0.000386393 0.999999 0.000697782 0.00056373 -0.000698218 0.999999 0.13161 0.00681026 0.0129831
FixedParameters: 0 0 0

#Transform 82
Transform: AffineTransform_float_3_3
Parameters: 0.999999 -0.000813753 -0.000455441 0.000814246 0.999999 0.000541629 0.000455559 -0.000541371 0.999999 0.123766 -0.00285106 0.0207037
FixedParameters: 0 0 0

#Transform 83
Transform: AffineTransform_float_3_3
Parameters: 1 -0.000374907 -0.00112636 0.000376094 1 0.000970577 0.00112664 -0.000971423 0.999999 0.161013 0.0296372 0.147294
FixedParameters: 0 0 0

#Transform 84
Transform: AffineTransform_float_3_3
Parameters: 0.999999 -0.000377946 -0.00180556 0.000371052 0.999992 -0.00384567 0.00180744 0.00384532 0.999991 0.170089 0.282022 -0.330989
FixedParameters: 0 0 0

#Transform 85
Transform: AffineTransform_float_3_3
Parameters: 0.999997 1.29205e-05 -0.00245916 -3.10782e-05 0.999973 -0.00735195 0.00245884 0.00735205 0.99997 0.22623 0.505562 -0.668137
FixedParameters: 0 0 0

#Transform 86
Transform: AffineTransform_float_3_3
Parameters: 0.999997 0.000311415 -0.00236053 -0.000329579 0.999969 -0.00787625 0.00235748 0.00787776 0.999966 0.220595 0.505691 -0.752873
FixedParameters: 0 0 0

#Transform 87
Transform: AffineTransform_float_3_3
Parameters: 0.999997 0.00012401 -0.00220109 -0.000141989 0.999966 -0.00817471 0.00219991 0.00817529 0.999964 0.218896 0.525884 -0.767419
FixedParameters: 0 0 0

#Transform 88
Transform: AffineTransform_float_3_3
Parameters: 0.999997 -0.000109375 -0.00219916 9.16254e-05 0.999965 -0.00835422 0.00219984 0.00835378 0.999962 0.232944 0.538611 -0.76733
FixedParameters: 0 0 0

#Transform 89
Transform: AffineTransform_float_3_3
Parameters: 0.999996 -0.000111211 -0.00262912 8.77891e-05 0.999961 -0.00882726 0.00262988 0.00882673 0.999957 0.258237 0.53904 -0.807604
FixedParameters: 0 0 0

#Transform 90
Transform: AffineTransform_float_3_3
Parameters: 0.999997 -0.000164856 -0.00262861 0.000140142 0.999959 -0.0090724 0.00263038 0.0090726 0.999956 0.254703 0.574687 -0.833412
FixedParameters: 0 0 0

#Transform 91
Transform: AffineTransform_float_3_3
Parameters: 0.999998 -0.00013545 -0.00227483 0.000114547 0.999955 -0.00942728 0.00227618 0.00942671 0.999953 0.238795 0.589331 -0.825358
FixedParameters: 0 0 0

#Transform 92
Transform: AffineTransform_float_3_3
Parameters: 0.999996 -0.000233902 -0.00262798 0.000210096 0.999958 -0.00909258 0.00263002 0.00909142 0.999955 0.261364 0.58649 -0.821849
FixedParameters: 0 0 0

#Transform 93
Transform: AffineTransform_float_3_3
Parameters: 0.999996 -0.000215814 -0.00262815 0.000192189 0.999959 -0.00905753 0.00262985 0.00905746 0.999955 0.261562 0.590257 -0.85593
FixedParameters: 0 0 0

#Transform 94
Transform: AffineTransform_float_3_3
Parameters: 0.999996 -0.000130323 -0.00262895 0.000106678 0.99996 -0.00886931 0.00263005 0.00886969 0.999957 0.267046 0.560394 -0.83872
FixedParameters: 0 0 0

#Transform 95
Transform: AffineTransform_float_3_3
Parameters: 0.999998 -0.000180514 -0.00193745 0.00016349 0.999959 -0.00903634 0.00193856 0.00903567 0.999958 0.243568 0.582994 -0.862401
FixedParameters: 0 0 0

#Transform 96
Transform: AffineTransform_float_3_3
Parameters: 0.999998 -0.000381441 -0.0020166 0.000362565 0.999958 -0.00913675 0.0020194 0.00913625 0.999956 0.239616 0.590755 -0.887795
FixedParameters: 0 0 0

#Transform 97
Transform: AffineTransform_float_3_3
Parameters: 0.999999 -0.000144903 -0.00156077 0.000131095 0.999961 -0.00890422 0.00156223 0.00890379 0.999959 0.230703 0.580653 -0.860992
FixedParameters: 0 0 0

#Transform 98
Transform: AffineTransform_float_3_3
Parameters: 0.999998 -0.000376155 -0.00158193 0.000362845 0.999966 -0.00830759 0.00158507 0.00830742 0.999964 0.235937 0.54358 -0.846137
FixedParameters: 0 0 0

#Transform 99
Transform: AffineTransform_float_3_3
Parameters: 0.999998 -0.000377166 -0.00165283 0.000362831 0.999964 -0.00856361 0.00165617 0.00856239 0.999962 0.240407 0.571394 -0.846794
FixedParameters: 0 0 0

#Transform 100
Transform: AffineTransform_float_3_3
Parameters: 0.999999 -0.000185004 -0.00126043 0.000173991 0.999962 -0.00872523 0.00126257 0.00872477 0.999961 0.21024 0.563315 -0.855045
FixedParameters: 0 0 0

#Transform 101
Transform: AffineTransform_float_3_3
Parameters: 1 -0.000222079 -0.00104812 0.000213922 0.999962 -0.00865423 0.00104989 0.00865377 0.999962 0.209462 0.559023 -0.843391
FixedParameters: 0 0 0

#Transform 102
Transform: AffineTransform_float_3_3
Parameters: 1 -0.000132813 -0.00103879 0.000122185 0.999956 -0.00944114 0.0010402 0.00944087 0.999955 0.197006 0.621764 -0.913488
FixedParameters: 0 0 0

#Transform 103
Transform: AffineTransform_float_3_3
Parameters: 1 -0.000146928 -0.000494139 0.000144072 0.999983 -0.00592108 0.000494862 0.00592093 0.999983 0.179277 0.351327 -0.544221
FixedParameters: 0 0 0

#Transform 104
Transform: AffineTransform_float_3_3
Parameters: 0.999999 0.000205593 -0.000759763 -0.000211401 0.999965 -0.00844285 0.000757242 0.00844316 0.999964 0.161333 0.575478 -0.783757
FixedParameters: 0 0 0

#Transform 105
Transform: AffineTransform_float_3_3
Parameters: 1 0.00032998 -0.000574911 -0.000335021 0.999961 -0.00875381 0.00057209 0.00875319 0.999962 0.143202 0.574871 -0.814717
FixedParameters: 0 0 0

#Transform 106
Transform: AffineTransform_float_3_3
Parameters: 0.999999 0.000694592 0.000189752 -0.000692417 0.999911 -0.0133381 -0.000198253 0.0133379 0.999911 0.114975 0.914879 -1.11062
FixedParameters: 0 0 0

#Transform 107
Transform: AffineTransform_float_3_3
Parameters: 0.999998 0.000931808 0.00175068 -0.00091619 0.999959 -0.00900862 -0.00175932 0.00900738 0.999958 -0.032242 0.597321 -0.895076
FixedParameters: 0 0 0

#Transform 108
Transform: AffineTransform_float_3_3
Parameters: 1 0.000605679 0.00102132 -0.000596315 0.999955 -0.00945062 -0.00102768 0.00944938 0.999955 0.0146385 0.619011 -0.918796
FixedParameters: 0 0 0

#Transform 109
Transform: AffineTransform_float_3_3
Parameters: 0.999999 0.00115419 0.00126398 -0.00114181 0.999954 -0.00960046 -0.00127502 0.00959855 0.999953 -0.0119447 0.607077 -0.943458
FixedParameters: 0 0 0

#Transform 110
Transform: AffineTransform_float_3_3
Parameters: 1 0.000842876 0.000887656 -0.000834122 0.99995 -0.00995175 -0.000896346 0.00995125 0.99995 0.0349142 0.620289 -0.991427
FixedParameters: 0 0 0

#Transform 111
Transform: AffineTransform_float_3_3
Parameters: 1 0.000753617 0.000906088 -0.000744385 0.999944 -0.0105667 -0.000913917 0.0105663 0.999944 0.0324006 0.67539 -1.02906
FixedParameters: 0 0 0

#Transform 112
Transform: AffineTransform_float_3_3
Parameters: 0.999999 0.000810393 0.000519683 -0.000805602 0.999946 -0.0102964 -0.000528322 0.0102956 0.999947 0.0426497 0.647498 -1.02229
FixedParameters: 0 0 0

#Transform 113
Transform: AffineTransform_float_3_3
Parameters: 1 -7.39979e-05 0.00119852 8.20064e-05 0.999977 -0.0066789 -0.00119848 0.00667809 0.999977 0.0118564 0.377999 -0.637524
FixedParameters: 0 0 0

#Transform 114
Transform: AffineTransform_float_3_3
Parameters: 0.999999 4.24826e-05 0.000789589 -3.3513e-05 0.999943 -0.01074 -0.000790405 0.01074 0.999942 0.0380896 0.707622 -0.895942
FixedParameters: 0 0 0

#Transform 115
Transform: AffineTransform_float_3_3
Parameters: 1 6.52969e-05 0.000402326 -6.16958e-05 0.999943 -0.010671 -0.000403681 0.010671 0.999943 0.055901 0.647028 -0.911556
FixedParameters: 0 0 0

#Transform 116
Transform: AffineTransform_float_3_3
Parameters: 0.999999 7.64729e-05 0.000869218 -6.65294e-05 0.99994 -0.0108931 -0.000869776 0.0108929 0.999941 0.0343974 0.69145 -0.937725
FixedParameters: 0 0 0

#Transform 117
Transform: AffineTransform_float_3_3
Parameters: 0.999999 7.59418e-05 0.000847246 -6.70502e-05 0.999945 -0.0105491 -0.000848754 0.0105489 0.999944 0.0384336 0.666173 -0.944466
FixedParameters: 0 0 0

#Transform 118
Transform: AffineTransform_float_3_3
Parameters: 0.999999 0.00035798 0.000875381 -0.000349023 0.999947 -0.0102373 -0.000878619 0.0102377 0.999947 0.0246177 0.639179 -0.947871
FixedParameters: 0 0 0

#Transform 119
Transform: AffineTransform_float_3_3
Parameters: 1 0.000334458 0.00051852 -0.000328548 0.999945 -0.0104902 -0.000521475 0.0104898 0.999945 0.0437941 0.653696 -0.964144
FixedParameters: 0 0 0

#Transform 120
Transform: AffineTransform_float_3_3
Parameters: 1 0.000536449 0.000407204 -0.000531553 0.999941 -0.0108482 -0.00041279 0.0108478 0.999941 0.0418879 0.666981 -0.974705
FixedParameters: 0 0 0

#Transform 121
Transform: AffineTransform_float_3_3
Parameters: 1 0.00039586 0.000891688 -0.000386137 0.999939 -0.0110303 -0.000896314 0.0110306 0.999939 0.0160712 0.679876 -1.02101
FixedParameters: 0 0 0

#Transform 122
Transform: AffineTransform_float_3_3
Parameters: 0.999999 0.000354161 0.000631584 -0.000347834 0.999952 -0.00972922 -0.000635414 0.00972878 0.999953 0.0301233 0.594983 -0.945884
FixedParameters: 0 0 0

#Transform 123
Transform: AffineTransform_float_3_3
Parameters: 0.999999 0.000391997 0.000847346 -0.000384005 0.999955 -0.00941833 -0.000850654 0.00941767 0.999956 0.00489497 0.575572 -0.955272
FixedParameters: 0 0 0

#Transform 124
Transform: AffineTransform_float_3_3
Parameters: 0.999999 0.00039476 0.000590187 -0.000388241 0.999952 -0.00972923 -0.000593805 0.00972877 0.999953 0.0222774 0.586554 -0.972451
FixedParameters: 0 0 0

#Transform 125
Transform: AffineTransform_float_3_3
Parameters: 0.999999 0.000481677 0.000730642 -0.00047533 0.999959 -0.00911036 -0.000734361 0.00911066 0.999958 0.0132971 0.548978 -0.985543
FixedParameters: 0 0 0

#Transform 126
Transform: AffineTransform_float_3_3
Parameters: 1 0.000528878 0.000397897 -0.000525121 0.999953 -0.00968421 -0.000403104 0.00968379 0.999953 0.0287656 0.574451 -1.00499
FixedParameters: 0 0 0

#Transform 127
Transform: AffineTransform_float_3_3
Parameters: 1 0.000466513 5.04665e-05 -0.000465492 0.999952 -0.00972302 -5.45285e-05 0.00972297 0.999952 0.0459163 0.588261 -1.04771
FixedParameters: 0 0 0

#Transform 128
Transform: AffineTransform_float_3_3
Parameters: 1 0.0010743 0.0001133 -0.00107371 0.99994 -0.0108971 -0.000124709 0.0108979 0.99994 0.0231336 0.681355 -1.1385
FixedParameters: 0 0 0

#Transform 129
Transform: AffineTransform_float_3_3
Parameters: 1 0.000377487 5.6853e-05 -0.00037652 0.999965 -0.00834202 -5.9143e-05 0.00834198 0.999965 0.0620043 0.602044 -0.82255
FixedParameters: 0 0 0

#Transform 130
Transform: AffineTransform_float_3_3
Parameters: 1 9.0205e-05 0.000294333 -8.779e-05 0.999972 -0.00748303 -0.000295665 0.00748297 0.999972 0.0351816 0.387112 -0.757184
FixedParameters: 0 0 0

#Transform 131
Transform: AffineTransform_float_3_3
Parameters: 1 -0.000168737 0.0002963 0.000171268 0.99997 -0.00765394 -0.000295698 0.00765405 0.99997 0.0618306 0.552512 -0.9034
FixedParameters: 0 0 0

#Transform 132
Transform: AffineTransform_float_3_3
Parameters: 1 -0.000242308 -4.0186e-05 0.000242694 0.999972 -0.00749101 4.18192e-05 0.00749099 0.999972 0.0909083 0.517431 -0.997163
FixedParameters: 0 0 0

#Transform 133
Transform: AffineTransform_float_3_3
Parameters: 0.999999 -0.000235249 0.000853889 0.000241752 0.999968 -0.0079148 -0.000852113 0.0079152 0.999969 0.0720769 0.551183 -1.02288
FixedParameters: 0 0 0

#Transform 134
Transform: AffineTransform_float_3_3
Parameters: 0.999998 -0.000680477 0.00143504 0.000690522 0.999973 -0.00734502 -0.00142997 0.00734598 0.999972 0.0501158 0.509968 -0.987297
FixedParameters: 0 0 0

#Transform 135
Transform: AffineTransform_float_3_3
Parameters: 0.999999 -0.00048813 0.00122856 0.000496874 0.999973 -0.00723039 -0.00122544 0.0072306 0.999973 0.0599376 0.491845 -1.01535
FixedParameters: 0 0 0

#Transform 136
Transform: AffineTransform_float_3_3
Parameters: 0.999999 -0.000746947 0.0011025 0.000755057 0.999973 -0.00732217 -0.0010975 0.00732282 0.999972 0.0499452 0.506401 -1.00425
FixedParameters: 0 0 0

#Transform 137
Transform: AffineTransform_float_3_3
Parameters: 0.999999 -0.000729948 0.00110237 0.000738057 0.999973 -0.00732219 -0.00109762 0.0073228 0.999972 0.0426718 0.497318 -1.01646
FixedParameters: 0 0 0

#Transform 138
Transform: AffineTransform_float_3_3
Parameters: 1 1.87684e-05 0.00048787 -1.52306e-05 0.99997 -0.00772301 -0.000488132 0.00772299 0.99997 0.0322545 0.52376 -1.04037
FixedParameters: 0 0 0

#Transform 139
Transform: AffineTransform_float_3_3
Parameters: 0.999999 -0.000149625 0.000871119 0.000156374 0.999973 -0.00732287 -0.000869878 0.00732313 0.999973 0.0210334 0.487015 -1.03428
FixedParameters: 0 0 0

#Transform 140
Transform: AffineTransform_float_3_3
Parameters: 1 -0.000405715 0.00107655 0.000415289 0.999962 -0.00863856 -0.00107345 0.00863944 0.999962 0.0246115 0.617347 -1.06136
FixedParameters: 0 0 0

#Transform 141
Transform: AffineTransform_float_3_3
Parameters: 0.999999 -0.000381774 0.000940963 0.000389226 0.999971 -0.00769064 -0.000938034 0.00769136 0.99997 0.0344378 0.54522 -1.02528
FixedParameters: 0 0 0

#Transform 142
Transform: AffineTransform_float_3_3
Parameters: 0.999999 -0.000327416 0.000639368 0.000331582 0.999974 -0.00718379 -0.000636634 0.00718321 0.999974 0.0464713 0.512795 -1.01314
FixedParameters: 0 0 0

#Transform 143
Transform: AffineTransform_float_3_3
Parameters: 1 -0.000213331 0.000511546 0.000217665 0.999974 -0.00718389 -0.000509449 0.00718411 0.999974 0.0470874 0.49876 -1.0334
FixedParameters: 0 0 0

#Transform 144
Transform: AffineTransform_float_3_3
Parameters: 1 -0.000150713 0.000458095 0.000154286 0.999974 -0.00718393 -0.000456903 0.00718407 0.999974 0.0326744 0.478452 -1.00817
FixedParameters: 0 0 0

#Transform 145
Transform: AffineTransform_float_3_3
Parameters: 1 -0.00015853 0.000458215 0.000162468 0.999971 -0.00758193 -0.000456781 0.00758208 0.999971 0.0314482 0.526681 -1.05364
FixedParameters: 0 0 0

#Transform 146
Transform: AffineTransform_float_3_3
Parameters: 1 -0.000107413 0.000207828 0.000109589 0.99997 -0.00765297 -0.000207167 0.00765302 0.99997 0.0368402 0.527202 -1.04987
FixedParameters: 0 0 0

#Transform 147
Transform: AffineTransform_float_3_3
Parameters: 1 8.93562e-05 0.000456356 -8.66391e-05 0.999973 -0.00734904 -0.000457649 0.00734896 0.999973 0.0179628 0.506653 -1.05253
FixedParameters: 0 0 0

#Transform 148
Transform: AffineTransform_float_3_3
Parameters: 1 5.73529e-05 0.000456591 -5.36441e-05 0.999973 -0.00734003 -0.000457406 0.00733997 0.999973 0.0179313 0.506302 -1.04173
FixedParameters: 0 0 0

#Transform 149
Transform: AffineTransform_float_3_3
Parameters: 1 0.000613528 0.000202426 -0.000611468 0.999972 -0.00746413 -0.00020757 0.00746387 0.999972 -0.00841791 0.5108 -1.07161
FixedParameters: 0 0 0

#Transform 150
Transform: AffineTransform_float_3_3
Parameters: 1 0.000290106 -0.000256162 -0.000291893 0.999973 -0.00742693 0.000253839 0.00742708 0.999973 0.0528394 0.510417 -1.06487
FixedParameters: 0 0 0

#Transform 151
Transform: AffineTransform_float_3_3
Parameters: 1 0.000156822 -0.000312104 -0.000159177 0.999975 -0.00698995 0.000310895 0.00699005 0.999976 0.0572199 0.473419 -1.04787
FixedParameters: 0 0 0

#Transform 152
Transform: AffineTransform_float_3_3
Parameters: 1 0.000930128 0.000426242 -0.000926875 0.999973 -0.0072784 -0.000432758 0.0072786 0.999974 -0.0516153 0.496877 -1.05401
FixedParameters: 0 0 0

#Transform 153
Transform: AffineTransform_float_3_3
Parameters: 1 0.00119189 0.000253275 -0.00119012 0.999973 -0.00732631 -0.000261726 0.0073257 0.999973 -0.0487921 0.498263 -1.06649
FixedParameters: 0 0 0

#Transform 154
Transform: AffineTransform_float_3_3
Parameters: 1 0.00102985 0.000381396 -0.00102716 0.999972 -0.00739439 -0.000388605 0.0073936 0.999972 -0.0511296 0.503631 -1.06839
FixedParameters: 0 0 0

#Transform 155
Transform: AffineTransform_float_3_3
Parameters: 1 0.000975509 0.00018939 -0.000974487 0.999969 -0.00780718 -0.000197614 0.00780681 0.999969 -0.0230031 0.530279 -1.09516
FixedParameters: 0 0 0

#Transform 156
Transform: AffineTransform_float_3_3
Parameters: 0.999999 0.00118362 0.000744133 -0.00117738 0.999971 -0.00750989 -0.000752863 0.00750912 0.999972 -0.0597409 0.510118 -1.07771
FixedParameters: 0 0 0

#Transform 157
Transform: AffineTransform_float_3_3
Parameters: 1 0.00106276 0.000369158 -0.00105925 0.999972 -0.00738839 -0.000376836 0.0073876 0.999972 -0.0353572 0.50313 -1.06767
FixedParameters: 0 0 0

#Transform 158
Transform: AffineTransform_float_3_3
Parameters: 1 0.000958818 0.000524076 -0.000955184 0.999974 -0.00723551 -0.000530925 0.0072355 0.999973 -0.0556248 0.473934 -1.0576
FixedParameters: 0 0 0

#Transform 159
Transform: AffineTransform_float_3_3
Parameters: 1 0.00108151 -0.000346858 -0.00108449 0.999973 -0.00725663 0.000339139 0.00725738 0.999974 -0.0020331 0.488533 -1.07979
FixedParameters: 0 0 0

#Transform 160
Transform: AffineTransform_float_3_3
Parameters: 0.999999 0.00166606 0.000654764 -0.00166194 0.999979 -0.0061521 -0.000665236 0.0061509 0.999981 -0.0641447 0.419455 -0.808768
FixedParameters: 0 0 0

#Transform 161
Transform: AffineTransform_float_3_3
Parameters: 0.999999 0.001003 0.000843919 -0.000997 0.999975 -0.00708085 -0.00085108 0.00708015 0.999974 -0.0882693 0.509113 -1.00465
FixedParameters: 0 0 0

#Transform 162
Transform: AffineTransform_float_3_3
Parameters: 0.999999 0.0010037 0.000958025 -0.000997296 0.999975 -0.00697297 -0.000964976 0.00697104 0.999975 -0.0700189 0.493187 -1.05177
FixedParameters: 0 0 0

#Transform 163
Transform: AffineTransform_float_3_3
Parameters: 0.999998 0.000872559 0.00148585 -0.00086144 0.999975 -0.00709229 -0.00149215 0.00709071 0.999973 -0.0884 0.516564 -1.05742
FixedParameters: 0 0 0

#Transform 164
Transform: AffineTransform_float_3_3
Parameters: 0.999999 0.000553716 0.00127625 -0.000544279 0.999976 -0.0068197 -0.00128074 0.00681929 0.999976 -0.0587445 0.508114 -1.02779
FixedParameters: 0 0 0

#Transform 165
Transform: AffineTransform_float_3_3
Parameters: 0.999998 0.000425249 0.00183621 -0.000412746 0.999977 -0.00666577 -0.00183979 0.00666523 0.999976 -0.0946197 0.49245 -1.04147
FixedParameters: 0 0 0

#Transform 166
Transform: AffineTransform_float_3_3
Parameters: 0.999998 0.000611219 0.00190212 -0.000598775 0.999979 -0.00641815 -0.00190688 0.00641685 0.999977 -0.108 0.475596 -1.05209
FixedParameters: 0 0 0

#Transform 167
Transform: AffineTransform_float_3_3
Parameters: 0.999998 0.000650348 0.00186073 -0.00063865 0.999978 -0.0066292 -0.00186527 0.0066278 0.999977 -0.0993644 0.48862 -1.04103
FixedParameters: 0 0 0

#Transform 168
Transform: AffineTransform_float_3_3
Parameters: 0.999998 0.000695154 0.00156152 -0.000684842 0.999978 -0.00649407 -0.00156648 0.00649292 0.999977 -0.100987 0.48001 -1.05308
FixedParameters: 0 0 0

#Transform 169
Transform: AffineTransform_float_3_3
Parameters: 0.999997 0.00125728 0.00208646 -0.00124272 0.999976 -0.00683062 -0.00209454 0.00682839 0.999975 -0.155369 0.497757 -1.0675
FixedParameters: 0 0 0

#Transform 170
Transform: AffineTransform_float_3_3
Parameters: 0.999999 0.000863013 0.00156954 -0.000852984 0.99998 -0.00636935 -0.00157547 0.00636766 0.999979 -0.0994062 0.456139 -1.05117
FixedParameters: 0 0 0

#Transform 171
Transform: AffineTransform_float_3_3
Parameters: 0.999998 0.0012114 0.00166907 -0.0011996 0.999972 -0.00741002 -0.00167793 0.00740798 0.999971 -0.116486 0.539725 -1.09279
FixedParameters: 0 0 0

#Transform 172
Transform: AffineTransform_float_3_3
Parameters: 0.999998 0.000867319 0.00165962 -0.000855678 0.999972 -0.00740944 -0.00166639 0.00740757 0.999971 -0.11842 0.541441 -1.09277
FixedParameters: 0 0 0

#Transform 173
Transform: AffineTransform_float_3_3
Parameters: 0.999998 0.000865186 0.00152527 -0.000855816 0.999978 -0.00666632 -0.00153074 0.00666469 0.999976 -0.113578 0.494265 -1.05977
FixedParameters: 0 0 0

#Transform 174
Transform: AffineTransform_float_3_3
Parameters: 0.999999 0.0012779 0.00126507 -0.0012691 0.999974 -0.00701061 -0.00127393 0.00700938 0.999974 -0.126712 0.504741 -1.06769
FixedParameters: 0 0 0

#Transform 175
Transform: AffineTransform_float_3_3
Parameters: 0.999999 0.000862634 0.00101657 -0.000855363 0.999971 -0.00748588 -0.00102343 0.00748512 0.999972 -0.0664523 0.51749 -1.05072
FixedParameters: 0 0 0

#Transform 176
Transform: AffineTransform_float_3_3
Parameters: 0.999999 0.000788884 0.000512587 -0.000786118 0.999984 -0.00560441 -0.000516413 0.0056036 0.999984 -0.021952 0.42722 -0.983682
FixedParameters: 0 0 0

#Transform 177
Transform: AffineTransform_float_3_3
Parameters: 0.999997 0.000730585 0.00224614 -0.000730416 0.999999 0.00018436 -0.00224587 -0.000185641 0.999998 -0.0924794 0.0958939 -0.502669
FixedParameters: 0 0 0

#Transform 178
Transform: AffineTransform_float_3_3
Parameters: 0.999997 0.0012851 0.00210466 -0.0012689 0.999967 -0.0081037 -0.00211535 0.00810131 0.999965 -0.11189 0.593885 -0.919124
FixedParameters: 0 0 0

#Transform 179
Transform: AffineTransform_float_3_3
Parameters: 0.999997 0.00128269 0.00180867 -0.0012683 0.999967 -0.00810131 -0.00181933 0.00809869 0.999965 -0.10324 0.548153 -0.972172
FixedParameters: 0 0 0

#Transform 180
Transform: AffineTransform_float_3_3
Parameters: 0.999997 0.00149995 0.00203635 -0.00148405 0.999968 -0.00781105 -0.00204765 0.00780795 0.999968 -0.157148 0.528838 -1.00902
FixedParameters: 0 0 0

#Transform 181
Transform: AffineTransform_float_3_3
Parameters: 0.999998 0.00135096 0.00179055 -0.00133705 0.999969 -0.00777441 -0.00180045 0.00777159 0.999968 -0.134954 0.563729 -1.01727
FixedParameters: 0 0 0

#Transform 182
Transform: AffineTransform_float_3_3
Parameters: 0.999996 0.00135306 0.00217007 -0.00133694 0.999972 -0.00738593 -0.00217993 0.00738308 0.999971 -0.142883 0.539061 -1.00182
FixedParameters: 0 0 0

#Transform 183
Transform: AffineTransform_float_3_3
Parameters: 0.999998 0.00152479 0.00141748 -0.0015142 0.99997 -0.00758517 -0.00142952 0.00758284 0.99997 -0.122934 0.521908 -1.0224
FixedParameters: 0 0 0

#Transform 184
Transform: AffineTransform_float_3_3
Parameters: 0.999997 0.00191672 0.00141459 -0.00190628 0.99997 -0.00753771 -0.00142941 0.00753528 0.99997 -0.139226 0.519953 -1.01926
FixedParameters: 0 0 0

#Transform 185
Transform: AffineTransform_float_3_3
Parameters: 0.999998 0.00152653 0.00133606 -0.00151547 0.999968 -0.00784704 -0.00134793 0.00784496 0.999969 -0.127375 0.529859 -1.04151
FixedParameters: 0 0 0

#Transform 186
Transform: AffineTransform_float_3_3
Parameters: 0.999998 0.00180202 0.00145648 -0.00179098 0.99997 -0.00752863 -0.00147052 0.00752637 0.99997 -0.137791 0.525514 -1.03703
FixedParameters: 0 0 0

#Transform 187
Transform: AffineTransform_float_3_3
Parameters: 0.999997 0.00166453 0.00150233 -0.00165248 0.99997 -0.0076405 -0.00151467 0.0076385 0.999969 -0.139207 0.538317 -1.05424
FixedParameters: 0 0 0

#Transform 188
Transform: AffineTransform_float_3_3
Parameters: 0.999998 0.00157731 0.00136013 -0.00156669 0.999971 -0.00754915 -0.00137186 0.00754685 0.99997 -0.132214 0.552229 -1.05703
FixedParameters: 0 0 0

#Transform 189
Transform: AffineTransform_float_3_3
Parameters: 0.999997 0.0016972 0.00134802 -0.0016858 0.999965 -0.00826729 -0.00136198 0.00826471 0.999965 -0.122628 0.597552 -1.06871
FixedParameters: 0 0 0

#Transform 190
Transform: AffineTransform_float_3_3
Parameters: 0.999997 0.00180966 0.00113271 -0.00179934 0.999963 -0.00847107 -0.00114828 0.00846895 0.999964 -0.108985 0.612539 -1.09966
FixedParameters: 0 0 0

#Transform 191
Transform: AffineTransform_float_3_3
Parameters: 0.999998 0.00155601 0.00139179 -0.00154499 0.999968 -0.00787317 -0.00140421 0.00787183 0.999968 -0.11523 0.576173 -1.06498
FixedParameters: 0 0 0

#Transform 192
Transform: AffineTransform_float_3_3
